         1.0000000000       34.4080000000        1.0000000000       10.0000000000        8.0000000000
        0.0611000406        0.0443918580        0.0988621925
        0.1548145366       -0.5854980976        0.2504958015
       -0.4533209543       -0.3293567378        0.2734334605
       -0.5090016562        0.3281664914        0.2504950618
       -0.1812989987       -0.5404873552       -0.2933486696
       -0.5700582661       -0.0054061382       -0.2933491028
       -0.1750138986        0.5271824312       -0.2831791282
        0.4516828089        0.3281664973       -0.3432391189
        0.4472982423       -0.3293567322       -0.2831784348
       -0.0074401905       -0.0054061348       -0.6410653346
