         1.0000000000       34.4080000000        1.0000000000       10.0000000000        8.0000000000
        0.0617020301       -0.0000000033        0.0998362340
        0.1418046461       -0.6385769239        0.2294453039
       -0.4557212762       -0.3568433492        0.2731817745
       -0.4557212826        0.3568433349        0.2731817712
        0.1418046346        0.6385769198        0.2294452981
       -0.1904643334       -0.5474533811       -0.3081785294
       -0.5590175502       -0.0000000105       -0.2650079488
       -0.1904643431        0.5474533662       -0.3081785344
        0.4481465829        0.3568433404       -0.2854379068
        0.4481465892       -0.3568433437       -0.2854379036
        0.0129713000       -0.0000000070       -0.6185156234
