         1.0000000000       34.4080000000        1.0000000000        0.0000000000        0.0000000000
    0.771876211816525   0.221861082305545   0.168898429674209
   -0.771876211824416   0.221861082329175  -0.168898429637791
   -0.307572160277127   0.574432098297575   0.125292405490626
    0.307572160294697   0.574432098309550  -0.125292405479871
   -0.542468554674366  -0.392757161353315  -0.153393861598066
    0.542468554686871  -0.392757161388893   0.153393861582428
    0.092097659248536  -0.511993916422431  -0.311569244184747
   -0.092097659264881  -0.511993916462779   0.311569244112764
    0.511249526298592  -0.003158430747218  -0.374519202384723
   -0.511249526300638  -0.003158430799048   0.374519202399220
   -0.142643126928481   0.111616327993064  -0.316341861184367
    0.142643126924689   0.111616327938775   0.316341861210318
         1.0000000000       34.4080000000        1.0000000000       10.0000000000        8.0000000000
    0.771876211849515   0.221861082298248   0.168898429687030
   -0.771876211847090   0.221861082323420  -0.168898429665048
   -0.307572160272689   0.574432098293624   0.125292405522990
    0.307572160278968   0.574432098302676  -0.125292405466074
   -0.542468554675890  -0.392757161362042  -0.153393861600828
    0.542468554671596  -0.392757161383171   0.153393861561912
    0.092097659221887  -0.511993916415286  -0.311569244205121
   -0.092097659227483  -0.511993916445150   0.311569244154391
    0.511249526316412  -0.003158430763214  -0.374519202375959
   -0.511249526316447  -0.003158430794734   0.374519202375645
   -0.142643126948415   0.111616327989265  -0.316341861209196
    0.142643126949635   0.111616327956362   0.316341861220256
