         1.0000000000       34.4080000000        1.0000000000       10.0000000000        8.0000000000
       -0.0000000049       -0.0000000044       -0.0000000033
       -0.0000007273       -0.0000000014        0.6519051674
        0.1801818347       -0.5545436618        0.2915410542
       -0.4717233379       -0.3427268376        0.2915403309
       -0.4717233440        0.3427268231        0.2915403278
        0.1801818248        0.5545436590        0.2915410492
        0.5830813827        0.0000000022        0.2915414982
       -0.1801818346       -0.5545436677       -0.2915410557
       -0.5830813925       -0.0000000109       -0.2915415047
       -0.1801818445        0.5545436531       -0.2915410607
        0.4717233281        0.3427268289       -0.2915403374
        0.4717233342       -0.3427268318       -0.2915403343
        0.0000007175       -0.0000000073       -0.6519051739
