         1.0000000000       34.4080000000        1.0000000000       10.0000000000        8.0000000000
        0.0000000000        0.0000000000        0.0908897145
        0.0000000000       -0.0000000001       -0.5586086801
        0.3274205747       -0.5671090707        0.2703795303
        0.3274205746        0.5671090708        0.2703795302
        0.5580089690        0.3221666285       -0.2981308392
        0.5580089691       -0.3221666285       -0.2981308392
        0.0000000000        0.6443332569       -0.2981308393
       -0.3274205746       -0.5671090708        0.2703795302
        0.0000000001       -0.6443332570       -0.2981308392
       -0.3274205748        0.5671090707        0.2703795302
       -0.6548411494       -0.0000000001        0.2703795302
       -0.5580089690        0.3221666284       -0.2981308394
       -0.5580089690       -0.3221666286       -0.2981308393
        0.6548411493        0.0000000001        0.2703795303
