         1.0000000000       34.4080000000        1.0000000000       10.0000000000        8.0000000000
        0.0000000000        0.0246578388        0.0000000000
        0.5363843197       -0.0864855161        0.3682020577
       -0.5363843196       -0.0864855164       -0.3682020576
        0.5363843196       -0.0864855163       -0.3682020577
        0.0000000001       -0.4689781666        0.5407521077
       -0.3432495018       -0.6011192140        0.0000000001
        0.0000000000       -0.4689781668       -0.5407521075
       -0.5363843196       -0.0864855163        0.3682020577
        0.3315197783        0.5411351170       -0.3225252153
        0.0000000000        0.1484692598       -0.7217352064
        0.0000000000        0.1484692601        0.7217352063
        0.3315197784        0.5411351171        0.3225252150
       -0.3315197785        0.5411351170        0.3225252151
       -0.3315197785        0.5411351169       -0.3225252153
        0.3432495020       -0.6011192139        0.0000000001
