         1.0000000000       34.4080000000        1.0000000000       10.0000000000        8.0000000000
        0.2199104719       -0.8147851065        0.0107791301
        0.0482582830        0.0179849645        0.7371806543
        0.1560178480        0.0277679030       -0.7217860878
       -0.4794618907        0.0070284212       -0.5850040646
       -0.5602104868       -0.0003023299        0.5082586646
       -0.6641317854        0.3185386643       -0.0469170257
       -0.6054277396       -0.3629478080       -0.0471507650
        0.4701256507        0.3305591666        0.3581082211
        0.5173092137        0.3348427204       -0.2807144122
        0.4767022013       -0.3331392425        0.3698850407
        0.5261983743       -0.3286457387       -0.3002482346
       -0.1076152870       -0.5300691538       -0.4699038469
       -0.1116050191        0.5261890024       -0.3489020371
       -0.1621703495        0.5215984353        0.3357066585
       -0.1749600428       -0.5361830389        0.4418830449
       -0.0154378321       -0.0394360991       -0.0014047250
