         1.0000000000       34.4080000000        1.0000000000       10.0000000000        8.0000000000
        0.2898863148        0.8570907797        0.0271581362
        0.2421120842       -0.8327466660        0.0122985062
        0.0459670073        0.0085619445        0.7332009089
        0.1531760439        0.0182949033       -0.7183121778
       -0.4817909719        0.0035964585       -0.5859431166
       -0.5626488727       -0.0037442158        0.5087994987
       -0.6586377907        0.3225522665       -0.0464843255
       -0.6189955037       -0.3545140505       -0.0480963310
        0.4792542968        0.3334866048        0.3663783942
        0.5275509116        0.3378712068       -0.2875139511
        0.4747747814       -0.3362462471        0.3663420545
        0.5237744212       -0.3317978211       -0.2970686113
       -0.1094134506       -0.5326644441       -0.4435863666
       -0.1164994450        0.5369614493       -0.3702922943
       -0.1701647704        0.5320894495        0.3562875227
       -0.1728697756       -0.5384253186        0.4155547017
       -0.0180555438       -0.0209791940       -0.0014743089
