         1.0000000000       34.4080000000        1.0000000000       10.0000000000        8.0000000000
       -0.3818144885       -0.9613657214       -0.0346472715
        0.2939181269        0.8603863454        0.0274780247
        0.2524913932       -0.8454699619        0.0129798093
        0.0466861077        0.0127929386        0.7338286884
        0.1539754020        0.0225331836       -0.7187710139
       -0.4800611626        0.0066400516       -0.5842558343
       -0.5606929492       -0.0006800949        0.5074254000
       -0.6607325639        0.3256795623       -0.0466180761
       -0.6325466280       -0.3574907864       -0.0491171798
        0.4797300113        0.3348747170        0.3657857604
        0.5279330314        0.3392508221       -0.2868393989
        0.4732570999       -0.3328774360        0.3654170518
        0.5221339951       -0.3284401532       -0.2963317633
       -0.1082010205       -0.5385093434       -0.4549190540
       -0.1153689693        0.5379557755       -0.3658896192
       -0.1684007338        0.5331412935        0.3521123572
       -0.1733296552       -0.5444220383        0.4268635699
       -0.0233717483       -0.0259777698       -0.0019004822
