         1.0000000000       34.4080000000        1.0000000000       10.0000000000        8.0000000000
        0.1868071967       -0.7937536974        0.0918931816
        1.1866629160        0.5150936485        0.1006602140
        0.2967913831        1.1507722183        0.1217747225
        0.7604692579       -0.4978055367        0.0896159077
       -0.2205313245        0.0796687388        0.6590636147
       -0.2339610685        0.0972683495       -0.4367915089
       -0.4567948990        0.3539502856        0.1182128603
        0.3544775694        0.2970112528       -0.6185437067
        0.3722621712        0.2737046233        0.8326639212
        0.6579471856        0.7263457731       -0.2238082421
        0.6661385555        0.7156110248        0.4446002301
       -0.2267762657       -0.2870877438        0.1050987991
       -0.0160910760        0.7014712565        0.4760767304
       -0.0248543472        0.7129554785       -0.2389983735
        0.8621026880        0.0587094853        0.4377464065
        0.8537619247        0.0696400128       -0.2428524287
        0.2902838991       -0.3133234895       -0.3431915685
        0.3011014759       -0.3274998684        0.5395130394
        0.2671417578        0.2080121880        0.1069972010
