         1.0000000000       34.4080000000        1.0000000000       10.0000000000        8.0000000000
       -0.3892230935       -0.9617022622       -0.0351967292
       -0.3933488105        0.9604007741       -0.0226130083
        0.9477435623        0.0015758414        0.0700110396
        0.2459010329        0.8586655909        0.0239199346
        0.2495854473       -0.8578418786        0.0126822171
        0.0506160301       -0.0047769344        0.7462335493
        0.1597024160        0.0051264593       -0.7306971433
       -0.4784614808        0.0028292076       -0.5890322990
       -0.5598085930       -0.0045558797        0.5123337944
       -0.6315769553        0.3461505157       -0.0443273715
       -0.6300864554       -0.3482486541       -0.0488734989
        0.4776833201        0.3401410773        0.3744731252
        0.5271796419        0.3446345946       -0.2956621649
        0.4791495722       -0.3429614349        0.3700009553
        0.5286458940       -0.3384679176       -0.3001343348
       -0.1085049170       -0.5352676023       -0.4426152015
       -0.1108141077        0.5405460024       -0.4355720109
       -0.1741350507        0.5347974186        0.4217361075
       -0.1718258600       -0.5410161861        0.4146929169
       -0.0184215927       -0.0000307321       -0.0013608778
