         1.0000000000       34.4080000000        1.0000000000        0.0000000000        0.0000000000
    0.671058670616190   0.000000000000000   0.000000000000000
   -0.671058670616190   0.000000000000000   0.000000000000000
    0.335529335308100   0.581153856183440   0.000000000000000
    0.335529335308100  -0.581153856183440   0.000000000000000
   -0.335529335308100   0.581153856183440   0.000000000000000
   -0.335529335308100  -0.581153856183440   0.000000000000000
    0.000000000000000   0.000000000000000   0.324578243204340
    0.000000000000000   0.673290666414510   0.614581766154630
    0.000000000000000  -0.673290666414510   0.614581766154630
    0.583086821245920   0.336645333207260   0.614581766154630
   -0.583086821245920   0.336645333207260   0.614581766154630
    0.583086821245920  -0.336645333207260   0.614581766154630
   -0.583086821245920  -0.336645333207260   0.614581766154630
    0.000000000000000   0.000000000000000  -0.324578243204340
    0.000000000000000   0.673290666414510  -0.614581766154630
    0.000000000000000  -0.673290666414510  -0.614581766154630
    0.583086821245920   0.336645333207260  -0.614581766154630
   -0.583086821245920   0.336645333207260  -0.614581766154630
    0.583086821245920  -0.336645333207260  -0.614581766154630
   -0.583086821245920  -0.336645333207260  -0.614581766154630
    0.000000000000000   0.000000000000000  -0.982770446496320
         1.0000000000       34.4080000000        1.0000000000       10.0000000000        8.0000000000
    0.648091163395005   0.000000000000001   0.022762321175909
   -0.648091163394997   0.000000000000000   0.022762321175915
    0.324045581697480   0.561263411468303   0.022762321175959
    0.324045581697479  -0.561263411468302   0.022762321175957
   -0.324045581697471   0.561263411468302   0.022762321175961
   -0.324045581697471  -0.561263411468303   0.022762321175962
   -0.000000000000001   0.000000000000000   0.408677438690572
   -0.000000000000003   0.635960240389322   0.580670413043043
   -0.000000000000002  -0.635960240389321   0.580670413043042
    0.550757723974034   0.317980120194576   0.580670413043111
   -0.550757723974037   0.317980120194575   0.580670413043115
    0.550757723974033  -0.317980120194575   0.580670413043111
   -0.550757723974037  -0.317980120194573   0.580670413043114
    0.000000000000006  -0.000000000000003  -0.275761641769595
   -0.000000000000008   0.613134309822474  -0.636865647095507
   -0.000000000000008  -0.613134309822477  -0.636865647095508
    0.530989888238142   0.306567154911124  -0.636865647095694
   -0.530989888238145   0.306567154911117  -0.636865647095704
    0.530989888238138  -0.306567154911124  -0.636865647095700
   -0.530989888238143  -0.306567154911118  -0.636865647095707
    0.000000000000005   0.000000000000001  -0.915088766157673
         1.0000000000       34.4080000000        1.0000000000       10.0000000000        8.0000000000
    0.658848809509384   0.000000000000017  -0.003032356046443
   -0.658848809509275   0.000000000000019  -0.003032356046696
    0.329424404754743   0.570579806288202  -0.003032356046589
    0.329424404754751  -0.570579806288178  -0.003032356046636
   -0.329424404754587   0.570579806288230  -0.003032356046714
   -0.329424404754591  -0.570579806288201  -0.003032356046765
   -0.000000000000033  -0.000000000000009   0.380845956150274
   -0.000000000000064   0.646954134372225   0.571491633575053
   -0.000000000000066  -0.646954134372259   0.571491633574993
    0.560278715449539   0.323477067186029   0.571491633575345
   -0.560278715449677   0.323477067186033   0.571491633575118
    0.560278715449538  -0.323477067186057   0.571491633575319
   -0.560278715449681  -0.323477067186065   0.571491633575085
    0.000000000000226   0.000000000000052  -0.272657310550392
    0.000000000000010   0.629243329749721  -0.598410676245728
    0.000000000000010  -0.629243329749730  -0.598410676245566
    0.544940708725093   0.314621664874769  -0.598410676246060
   -0.544940708725116   0.314621664874793  -0.598410676245474
    0.544940708725095  -0.314621664874762  -0.598410676245986
   -0.544940708725121  -0.314621664874789  -0.598410676245394
   -0.000000000000179  -0.000000000000040  -0.911250699793061
         1.0000000000       34.4080000000        1.0000000000       10.0000000000        8.0000000000
    0.666702335680191  -0.000000000000003  -0.007549995453360
   -0.666702335680211  -0.000000000000003  -0.007549995453353
    0.333351167840083   0.577381159461468  -0.007549995453357
    0.333351167840082  -0.577381159461473  -0.007549995453356
   -0.333351167840110   0.577381159461463  -0.007549995453354
   -0.333351167840109  -0.577381159461469  -0.007549995453352
    0.000000000000010   0.000000000000002   0.403039880351641
    0.000000000000015   0.653736620141298   0.565661569331621
    0.000000000000015  -0.653736620141288   0.565661569331626
    0.566152520426590   0.326868310070657   0.565661569331601
   -0.566152520426555   0.326868310070653   0.565661569331622
    0.566152520426590  -0.326868310070649   0.565661569331603
   -0.566152520426553  -0.326868310070645   0.565661569331625
   -0.000000000000034  -0.000000000000008  -0.259528640106835
   -0.000000000000009   0.637904183580367  -0.596007776503467
   -0.000000000000009  -0.637904183580369  -0.596007776503491
    0.552441228160964   0.318952091790165  -0.596007776503430
   -0.552441228160983   0.318952091790166  -0.596007776503509
    0.552441228160966  -0.318952091790171  -0.596007776503438
   -0.552441228160985  -0.318952091790171  -0.596007776503518
    0.000000000000046   0.000000000000011  -0.898904470989837
         1.0000000000       34.4080000000        1.0000000000       10.0000000000        8.0000000000
    0.668517988674300   0.000000000000000  -0.008996846978324
   -0.668517988674300   0.000000000000000  -0.008996846978325
    0.334258994337150   0.578953561078821  -0.008996846978325
    0.334258994337150  -0.578953561078821  -0.008996846978325
   -0.334258994337149   0.578953561078821  -0.008996846978325
   -0.334258994337150  -0.578953561078821  -0.008996846978325
    0.000000000000001   0.000000000000000   0.410889334567686
    0.000000000000000   0.654856249010145   0.563397869321288
    0.000000000000000  -0.654856249010145   0.563397869321288
    0.567122147469772   0.327428124505072   0.563397869321290
   -0.567122147469772   0.327428124505072   0.563397869321289
    0.567122147469772  -0.327428124505072   0.563397869321290
   -0.567122147469772  -0.327428124505072   0.563397869321289
    0.000000000000002   0.000000000000000  -0.253685950724954
    0.000000000000000   0.639463666126323  -0.595481805503756
    0.000000000000000  -0.639463666126324  -0.595481805503755
    0.553791779662526   0.319731833063161  -0.595481805503757
   -0.553791779662527   0.319731833063161  -0.595481805503754
    0.553791779662526  -0.319731833063160  -0.595481805503757
   -0.553791779662526  -0.319731833063161  -0.595481805503754
   -0.000000000000004  -0.000000000000001  -0.893489131374299
         1.0000000000       34.4080000000        1.0000000000       10.0000000000        8.0000000000
    0.668623430659767   0.000000000000000  -0.009097375214294
   -0.668623430659767   0.000000000000000  -0.009097375214293
    0.334311715329883   0.579044876516861  -0.009097375214294
    0.334311715329884  -0.579044876516861  -0.009097375214294
   -0.334311715329884   0.579044876516861  -0.009097375214294
   -0.334311715329883  -0.579044876516861  -0.009097375214293
    0.000000000000000   0.000000000000000   0.411559342381526
    0.000000000000000   0.654919754463095   0.563241306869845
    0.000000000000000  -0.654919754463095   0.563241306869846
    0.567177144805307   0.327459877231547   0.563241306869845
   -0.567177144805307   0.327459877231547   0.563241306869846
    0.567177144805307  -0.327459877231547   0.563241306869845
   -0.567177144805307  -0.327459877231547   0.563241306869846
    0.000000000000000   0.000000000000000  -0.253169775098816
    0.000000000000000   0.639525018116287  -0.595494978220175
    0.000000000000000  -0.639525018116287  -0.595494978220175
    0.553844912044407   0.319762509058143  -0.595494978220176
   -0.553844912044408   0.319762509058143  -0.595494978220175
    0.553844912044407  -0.319762509058144  -0.595494978220175
   -0.553844912044408  -0.319762509058144  -0.595494978220175
    0.000000000000000   0.000000000000000  -0.893053734391286
         1.0000000000       34.4080000000        1.0000000000       10.0000000000        8.0000000000
    0.668623947764429   0.000000000000000  -0.009097930031079
   -0.668623947764429   0.000000000000000  -0.009097930031078
    0.334311973882214   0.579045324342635  -0.009097930031079
    0.334311973882214  -0.579045324342635  -0.009097930031079
   -0.334311973882215   0.579045324342635  -0.009097930031079
   -0.334311973882215  -0.579045324342635  -0.009097930031078
    0.000000000000000   0.000000000000000   0.411563238697748
    0.000000000000000   0.654920103320803   0.563240433673163
    0.000000000000000  -0.654920103320802   0.563240433673164
    0.567177446924944   0.327460051660401   0.563240433673163
   -0.567177446924944   0.327460051660401   0.563240433673164
    0.567177446924944  -0.327460051660401   0.563240433673163
   -0.567177446924944  -0.327460051660401   0.563240433673164
    0.000000000000000   0.000000000000000  -0.253166880164078
    0.000000000000000   0.639525259992725  -0.595495064734424
    0.000000000000000  -0.639525259992725  -0.595495064734424
    0.553845121515547   0.319762629996362  -0.595495064734424
   -0.553845121515548   0.319762629996363  -0.595495064734424
    0.553845121515547  -0.319762629996363  -0.595495064734424
   -0.553845121515548  -0.319762629996363  -0.595495064734424
    0.000000000000000   0.000000000000000  -0.893051438475952
         1.0000000000       34.4080000000        1.0000000000       10.0000000000        8.0000000000
    0.668623947779524   0.000000000000000  -0.009097930047658
   -0.668623947779524   0.000000000000000  -0.009097930047657
    0.334311973889762   0.579045324355707  -0.009097930047658
    0.334311973889762  -0.579045324355708  -0.009097930047657
   -0.334311973889762   0.579045324355708  -0.009097930047657
   -0.334311973889762  -0.579045324355708  -0.009097930047657
    0.000000000000000   0.000000000000000   0.411563238820376
    0.000000000000000   0.654920103331461   0.563240433646825
    0.000000000000000  -0.654920103331461   0.563240433646825
    0.567177446934175   0.327460051665731   0.563240433646825
   -0.567177446934175   0.327460051665731   0.563240433646826
    0.567177446934175  -0.327460051665731   0.563240433646825
   -0.567177446934175  -0.327460051665731   0.563240433646826
    0.000000000000000   0.000000000000000  -0.253166880077471
   -0.000000000000001   0.639525259999087  -0.595495064737391
    0.000000000000000  -0.639525259999087  -0.595495064737391
    0.553845121521057   0.319762629999543  -0.595495064737391
   -0.553845121521058   0.319762629999543  -0.595495064737390
    0.553845121521057  -0.319762629999544  -0.595495064737391
   -0.553845121521058  -0.319762629999543  -0.595495064737390
    0.000000000000000   0.000000000000000  -0.893051438409884
