         1.0000000000       34.4080000000        1.0000000000       10.0000000000        8.0000000000
        0.1989192209       -0.3210979409        0.9031819589
        0.1989192208        0.3210979411        0.9031819589
       -0.7675391263       -0.0000000001        0.2136809549
        0.0518674089        0.7253886566        0.4223526341
        0.0518674091       -0.7253886566        0.4223526342
       -0.1742780286       -0.0000000001       -0.9906236327
       -0.2316179601       -0.5535243287       -0.6467562365
       -0.2316179603        0.5535243285       -0.6467562366
        0.3830757735        0.3281269553       -0.7864356546
        0.3830757736       -0.3281269553       -0.7864356546
       -0.4340107261       -0.3394513946        0.6771436377
       -0.4340107262        0.3394513946        0.6771436377
        0.5955646592       -0.3347177569        0.3576159832
        0.5955646591        0.3347177571        0.3576159832
       -0.6395219249       -0.0000000001       -0.4562367190
        0.6505643134        0.0000000001       -0.2278141960
        0.2835376728        0.5910756564       -0.1823052218
        0.2835376730       -0.5910756563       -0.1823052217
       -0.3883926241       -0.4823907456       -0.0087302682
       -0.3883926242        0.4823907455       -0.0087302683
       -0.0026907866        0.0000000000       -0.3379995600
        0.0155787034        0.0000000000        0.3268594872
