         1.0000000000       34.4080000000        1.0000000000       10.0000000000        8.0000000000
        0.4535151275        0.3995221633       -0.6359310301
       -0.0126338008        0.6489643724        1.3301924255
        0.5138125174        0.8537912656        1.0276369252
        0.4588042542        0.9468721246       -0.3027349047
       -0.2148777459        0.0407622345        1.2028906961
       -0.0564959737        0.0001898867       -0.5496721539
       -0.0692098969        1.0914464813        0.0418251573
        0.8396857686        0.4232745146        0.6714287333
       -0.5353491179        0.5575868109        0.9507529710
        0.5276509263       -0.1436472745       -0.2823404389
       -0.5039360077        0.1645224532       -0.1169987897
        0.1060462254       -0.3025361222        0.7629269936
        0.4540024271        0.1747063543        1.1735064397
       -0.1550920476        0.6729523797       -0.4874259519
       -0.0801670366        1.0237679550        0.7384409622
        0.8063391750        0.4282823216       -0.0277400218
        0.5659486318       -0.0742787864        0.3655190284
       -0.4579760953        0.6518426312        0.3095588924
       -0.0290007187       -0.2636457566        0.0941099130
       -0.4478242557        0.0139727557        0.5472697441
        0.4816553273        0.8937496195        0.3621828833
        0.1004547108        0.3878547371        0.6772831948
        0.1447806056        0.3838768784        0.0057043311
