         1.0000000000       34.4080000000        1.0000000000       10.0000000000        8.0000000000
       -0.8090356905       -0.2651496765        0.0000000000
        0.2766497589        0.2592180822        0.9865828625
        0.2766497589        0.2592180822       -0.9865828625
        0.6589879871       -0.1381529244        0.6551869507
        0.6589879871       -0.1381529244       -0.6551869507
       -0.1259487330        0.6389208393       -0.6479218955
       -0.1259487330        0.6389208392        0.6479218955
       -0.3650156585        0.1106836563        0.9583307305
       -0.3650156585        0.1106836564       -0.9583307305
        0.0848801813       -0.3834425946       -0.9103334795
        0.0848801813       -0.3834425947        0.9103334795
       -0.5059454317       -0.3968591601        0.5741135724
       -0.5059454317       -0.3968591601       -0.5741135725
        0.3422731337       -0.6201443260        0.3372095990
        0.3422731337       -0.6201443260       -0.3372095990
        0.4756518154        0.4649290546        0.3625761715
        0.4756518154        0.4649290547       -0.3625761715
       -0.6008166829        0.2580713694       -0.3433113268
       -0.6008166829        0.2580713694        0.3433113268
       -0.2262016023       -0.5777613213        0.0000000000
       -0.0906991925        0.5759620821        0.0000000000
        0.6142880503       -0.0916388718        0.0000000000
        0.0151078473       -0.0139301029       -0.3584484261
        0.0151078472       -0.0139301030        0.3584484261
