         1.0000000000       34.4080000000        1.0000000000       10.0000000000        8.0000000000
       -0.7999509349       -0.2784467824        0.0107474852
        0.2718085838        0.2721131178        0.9913167839
        0.2824514123        0.2510073547       -0.9866392551
        0.6627709364       -0.1222665351        0.6650334748
        0.6712100930       -0.1308497047       -0.6468736473
       -0.1265428455        0.6284130845       -0.6512300024
       -0.1347467367        0.6405041389        0.6451540246
       -0.3668220012        0.1088177636        0.9575483052
       -0.3546045503        0.0973097844       -0.9602509447
        0.1006135448       -0.4029642891       -0.9075402404
        0.0941689707       -0.3739524366        0.9235561242
       -0.4866431965       -0.4086034490        0.5763946244
       -0.5257800522       -0.4052694368       -0.5796733658
        0.3503781518       -0.6122681700        0.3538481809
        0.3896126855       -0.6309427024       -0.3202220995
        0.4711233306        0.4747306133        0.3684369004
        0.4722242453        0.4638032714       -0.3637065772
       -0.5957756510        0.2438813836       -0.3427624701
       -0.6014799139        0.2512308114        0.3439832279
       -0.2108477067       -0.5906286045       -0.0069800510
       -0.0929674859        0.5671426850       -0.0025682913
        0.6200805011       -0.0802150699        0.0096476203
        0.0211851304       -0.0291141039       -0.3597872997
        0.0189268767       -0.0132272585        0.3617466187
       -0.1303933873       -0.9202054657       -0.5791791262
