         1.0000000000       34.4080000000        1.0000000000       10.0000000000        8.0000000000
        0.6702334606       -0.7344167094       -0.0862665994
        0.9358025679       -0.1695908629        0.1075082652
        0.5898386477        0.2411843636        0.4756711640
        0.0612772464       -0.8829868323        0.0900016295
       -0.0447617929        0.3203716393       -1.0788572961
       -0.7013171984        0.0254180509        0.6807013746
       -0.4691944611        0.6087377368        0.5207161728
       -0.9170297544       -0.3437410783        0.1939491622
        0.5627648409        0.3435467488       -0.8401064650
        0.2883138632       -0.2401695103       -1.0403620655
       -0.4794311254        0.7667293809       -0.1069254812
       -0.8836143006       -0.0929078954       -0.4018413350
       -0.9642605030        0.3369850972        0.1328929569
       -0.5074095044        0.3829109707       -0.6270901946
       -0.3634040366       -0.2491172819       -0.8351513338
        0.0831154930        0.7005631004       -0.5093443818
       -0.0343777155        0.1127022557        0.6538873766
       -0.3094864263       -0.4724129034        0.4531518553
        0.7190745999       -0.2311296644       -0.5181507152
        0.1724088754       -0.6377939969       -0.5199709975
        0.6390312263        0.3546420853       -0.1794958428
        0.1033418395        0.5654161142        0.1567629869
       -0.4154444705       -0.5379649217       -0.2217740651
        0.0874981207        0.0424208449       -0.4499333858
        0.2649572891       -0.2424247314        0.1371420899
       -0.3715567816        0.0862369995        0.0514851248
