         1.0000000000       34.4080000000        1.0000000000       10.0000000000        8.0000000000
       -0.1237681974       -0.5590888149        0.9961532616
       -0.1237681973       -0.5590888151       -0.9961532615
        0.3943546635       -0.1614178974       -0.9617092087
        0.3966296239       -0.7407490538       -0.6499624263
        0.3966296238       -0.7407490537        0.6499624264
        0.3943546635       -0.1614178972        0.9617092087
       -0.5583135926        0.7754151655       -0.0000000001
       -0.6380666783       -0.3799114514       -0.6581562366
       -0.6380666783       -0.3799114512        0.6581562366
       -0.2182245774       -0.8410301573        0.3765454929
       -0.2243402771        0.1146479342        0.9084270099
       -0.2346091731        0.6926435111        0.5672725296
       -0.2182245774       -0.8410301574       -0.3765454927
       -0.2346091731        0.6926435110       -0.5672725297
       -0.2243402771        0.1146479340       -0.9084270100
        0.6669101956       -0.2002169505       -0.3427029364
        0.6565645707        0.3629956894        0.0000000000
        0.6669101956       -0.2002169504        0.3427029364
        0.3371424193        0.3656750392       -0.5812822290
        0.3283610327       -0.6950668081        0.0000000001
        0.3371424193        0.3656750393        0.5812822289
       -0.6005470271        0.1973905443       -0.3389897330
       -0.5709725451       -0.4057912936        0.0000000000
       -0.6005470271        0.1973905444        0.3389897329
       -0.0083083124       -0.2073510643        0.3676055211
       -0.0167856465        0.3891274156        0.0000000000
       -0.0083083124       -0.2073510644       -0.3676055211
