         1.0000000000       34.4080000000        1.0000000000       10.0000000000        8.0000000000
        1.2365820610        0.8261358682        0.2095271522
        0.9351229976        0.8310152858       -0.3600092259
        0.7841647815       -0.6155480021        1.0566850094
        0.8693383340       -0.8000561643       -0.7801803913
        0.2663623580       -0.4406127659        0.7210527200
        0.5056900875       -0.2740147443       -0.9513133679
        1.2925418922       -0.2187223389        1.0086087482
        1.3060140222       -0.8056911411        0.7000819967
        0.2387142986       -0.7214142536       -0.5674836647
        0.3776605548        0.5584196793       -0.1447075916
        1.6426789548        0.3244849505        0.0694003271
        0.6652662501        0.6044788105        0.4675509500
        1.3740545828        0.3701634007       -0.5431253079
        0.6859737120       -0.9436527593        0.4711975470
        0.6758082372       -1.0442684593       -0.1925993604
        1.1542043088       -0.1965155909       -0.8449891578
        0.6724965665        0.0668968953        0.9020107853
        1.5745513046       -0.2649385563        0.3985120838
        0.1948711377       -0.0625073550       -0.3753395522
        1.2464291469        0.3025555345        0.6168228570
        0.7129858173        0.2784037917       -0.6563281816
        1.2324144142       -0.7812441948        0.0452914188
        0.2561594528       -0.5895423275        0.0807807285
        0.3360443271        0.0551425943        0.2829187417
        1.4609137444       -0.2289338514       -0.2573894486
        0.7846524602       -0.3643760323       -0.2911281232
        0.9005385257       -0.3154349272        0.4145659467
        0.9695036693        0.2347766534       -0.0128186395
