         1.0000000000       34.4080000000        1.0000000000       10.0000000000        8.0000000000
        1.2297874472        0.8286512879        0.2145029559
        0.9513639067        0.8242146604       -0.3646632432
        0.7734130886       -0.6140543666        1.0623630904
        0.7738174022       -0.8211375643       -0.8841218689
        0.2608623765       -0.4441684464        0.7207834220
        1.3257287954       -0.7992833659       -0.5629329272
        0.4729202561       -0.2498185610       -0.9540573806
        1.2757967549       -0.2038596315        1.0279188899
        1.3142869724       -0.7952485582        0.7422758829
        0.2188652557       -0.7085236843       -0.5567414439
        0.3888246122        0.5622237611       -0.1442074304
        1.6360777370        0.3294967533        0.0749916456
        0.6603989045        0.6080631372        0.4700144606
        1.3786385091        0.3525143903       -0.5465528889
        0.7109269613       -0.9517488443        0.4722650810
        0.7241514628       -1.0297763809       -0.2359236926
        1.1501091747       -0.2205299301       -0.8633949929
        0.6604432049        0.0680741903        0.9052228060
        1.5698679670       -0.2543171686        0.4196942223
        0.2079198570       -0.0577465758       -0.3608927929
        1.2375203738        0.3069686094        0.6222662695
        0.7240330998        0.2761566118       -0.6586642886
        1.2580288362       -0.7899924428        0.0883867628
        0.2997722180       -0.5937064490        0.0843783982
        0.3317432595        0.0598386776        0.2926718964
        1.4746898985       -0.2323606363       -0.2487101283
        0.8035181410       -0.3754612240       -0.3210119664
        0.8964439446       -0.3157198499        0.4201308730
        0.9675165823        0.2269676006       -0.0113296115
