         1.0000000000       34.4080000000        1.0000000000       10.0000000000        8.0000000000
       -0.1272080280       -0.5717603465        0.9903179701
       -0.1272080280       -0.5717603467       -0.9903179700
       -0.1272080279        1.1435206932       -0.0000000001
        0.3970044447        0.9343079298       -0.3259103460
        0.3970044447       -0.1849073261       -0.9720895751
        0.3970044447       -0.7494006039       -0.6461792291
        0.3970044447       -0.7494006038        0.6461792293
        0.3970044447       -0.1849073259        0.9720895752
        0.3970044447        0.9343079299        0.3259103458
       -0.6393408327        0.7592358079       -0.0000000001
       -0.6393408327       -0.3796179040       -0.6575174970
       -0.6393408328       -0.3796179038        0.6575174971
       -0.2204490853       -0.8420485658        0.3663670780
       -0.2204490853        0.1037410865        0.9124189882
       -0.2204490853        0.7383074796        0.5460519102
       -0.2204490853       -0.8420485659       -0.3663670778
       -0.2204490853        0.7383074794       -0.5460519104
       -0.2204490853        0.1037410862       -0.9124189882
        0.6633373080       -0.1963159798       -0.3400292512
        0.6633373081        0.3926319595        0.0000000000
        0.6633373080       -0.1963159797        0.3400292513
        0.3346848811        0.3481781245       -0.6030622019
        0.3346848811       -0.6963562492        0.0000000001
        0.3346848811        0.3481781247        0.6030622018
       -0.5765387638        0.2000268513       -0.3464566693
       -0.5765387638       -0.4000537025        0.0000000000
       -0.5765387638        0.2000268513        0.3464566693
       -0.0080452835       -0.2102074986        0.3640900678
       -0.0080452835        0.4204149973       -0.0000000001
       -0.0080452835       -0.2102074987       -0.3640900678
