         1.0000000000       34.4080000000        1.0000000000       10.0000000000        8.0000000000
       -0.5439833163        0.7883234050        0.9665099939
       -0.6830300054        0.6307206270        0.3304110597
        1.0880401500       -0.6051246481        1.0211940210
        0.7225889011       -1.0005695399        0.6673631661
       -0.2878197561        0.3397289196        1.3658973191
       -0.1916701978       -0.0304996313       -0.4537358771
       -0.2650398113       -0.5643859287       -0.1009296195
        0.3799041383        0.2627318278       -0.3934424937
        0.5515917384        0.9903897738        0.6974482662
        0.7629945403        0.6719788133        1.2198460741
        0.1493094093       -0.8299247421        0.9302783561
        1.2072758541       -0.1749934634        0.5477258607
        0.5389530773       -0.4674617084        1.3485669764
        0.8791085294       -0.6191420173        0.1543941011
        0.3582887314        0.2081489431        1.4633161978
       -0.5698457289        0.0032798407        0.0999181033
        0.1053631276        0.8248849386        1.1758103627
        0.3760127560       -0.3979836591       -0.2726597770
        0.9634382805        0.4578971819        0.5975174276
       -0.1766824300        0.5272188322       -0.0864847942
       -0.2852537169       -0.4630705910        0.5507025163
        0.2379578804       -0.7885433834        0.2614521067
        0.9221307848        0.0352863170        1.1248477751
        0.4578718111        0.6160356496        0.1598085610
       -0.0238093288       -0.2165734385        1.1162974397
       -0.0740710396        0.8317848435        0.5126207964
        0.7823301321        0.0324530475        0.0870989232
       -0.3456421991        0.2088686288        0.7022674265
        0.5429727788       -0.3289460157        0.6733507440
        0.3328304427        0.3202280112        0.7901082048
        0.1044426012       -0.0198535450        0.2059591608
