         1.0000000000       34.4080000000        1.0000000000       10.0000000000        8.0000000000
       -0.7517636223        0.7331275158       -0.4077194600
       -0.2590252432       -1.0176101538       -0.4077194556
        1.0107888645        0.2844826347       -0.4077194602
       -0.5133381204       -0.8657650217        0.1634162091
        1.0064435633       -0.0116813416        0.1634162056
       -0.4931054425        0.8774463646        0.1634162044
       -0.3510579757       -0.1489825640        0.9991134111
        0.3045516765       -0.2295338398        0.9991134109
        0.0465063015        0.3785164119        0.9991134094
        0.6617055681       -0.1369593943       -0.7524011772
       -0.4494630979       -0.5045741382       -0.7524011754
       -0.2122424719        0.6415335264       -0.7524011787
        0.7778470377       -0.5363181274       -0.2144615032
        0.0755416033        0.9417943578       -0.2144615067
       -0.8533886414       -0.4054762322       -0.2144615023
        0.2063970455       -0.8547363822        0.0352557117
       -0.8434219433        0.2486231066        0.0352557096
        0.6370248979        0.6061132759        0.0352557074
        0.5941965684        0.2508029493        0.6123560644
       -0.0798965595       -0.6399907948        0.6123560673
       -0.5143000074        0.3891878505        0.6123560648
       -0.6549821687        0.1087440636       -0.6006968148
        0.4216662067        0.5128591625       -0.6006968167
        0.2333159606       -0.6216032310       -0.6006968135
       -0.6415645579       -0.2642574328        0.4118526517
        0.0919286286        0.6877399237        0.4118526485
        0.5496359303       -0.4234824875        0.4118526512
       -0.0000000006       -0.0000000020       -0.7372359006
        0.0000000003        0.0000000012        0.4252963215
       -0.2012672722       -0.3486051423       -0.1427352268
        0.4025345447        0.0000000000       -0.1427352282
       -0.2012672728        0.3486051411       -0.1427352287
