         1.0000000000       34.4080000000        1.0000000000       10.0000000000        8.0000000000
       -0.1816214742       -0.5541374267       -0.6768038428
       -0.1991624369       -0.5812662024        0.0000489862
        0.4621518708       -0.3507786846       -0.7045503992
        0.4747317921       -0.3409535648       -0.0001084968
       -0.0172826813        0.0054593541       -0.3452247533
       -0.0193042154       -0.0005820470       -1.0226605960
       -0.5905157427       -0.0140031497       -0.6865103782
        0.4613461634        0.3538439945       -0.7049036121
       -0.1928872694        0.5590038452       -0.6867667101
       -0.6175696739       -0.0448312550        0.0002620223
        0.4811286192        0.3444788803        0.0000048481
       -0.1918013405        0.5938660840        0.0002443680
       -0.1812239767       -0.5543649885        0.6769004796
        0.4625655723       -0.3510155229        0.7043373289
       -0.0170798845        0.0053432558        0.3454130940
       -0.0187035786       -0.0009259032        1.0228479376
       -0.5901124209       -0.0142340458        0.6870287421
        0.4617601420        0.3536069975        0.7049279133
       -0.1924838091        0.5587728697        0.6872442056
        0.9513586099        0.0001613460        0.3864797709
        0.9511315283        0.0002913471       -0.3868619015
        0.3013479784        0.8951540768        0.3430300133
        0.3011466141        0.8952693551       -0.3427295177
        0.2910251746       -0.8927279074       -0.3389549991
        0.2912241475       -0.8928418166        0.3386603042
        0.9316721318       -0.6899203530       -0.3378670935
        0.9318703753       -0.6900338446        0.3372643488
        0.9378258123        0.6901284947       -0.3392072023
        0.9380249780        0.6900144751        0.3390648241
        1.3757132844        0.3321147640       -0.0002599134
        1.3731794072       -0.3348292587       -0.0003712847
       -0.7593636609        0.5100297251        0.3334813241
       -0.7595592726        0.5101417101       -0.3326873836
