         1.0000000000       34.4080000000        1.0000000000       10.0000000000        8.0000000000
       -0.9649141503        0.2159931722       -0.5287060410
        0.2954015009       -0.9436367530       -0.5287060406
        0.6695126495        0.7276435804       -0.5287060409
       -0.0604455383       -0.3740884579        1.0614980380
        0.3541928771        0.1346968577        1.0614980380
       -0.2937473391        0.2393916010        1.0614980379
       -0.8396652842       -0.4390425782       -0.4328682475
        0.8000546681       -0.5076501779       -0.4328682473
        0.0396106162        0.9466927558       -0.4328682477
       -0.4767541592        0.6278084068       -0.6924434658
        0.7820751089        0.0989770096       -0.6924434655
       -0.3053209495       -0.7267854170       -0.6924434655
       -0.2029324704       -1.0148823805       -0.0993837996
        0.9803801586        0.3316965156       -0.0993837998
       -0.7774476881        0.6831858649       -0.0993838000
       -0.2220842171        0.9529673378        0.1741315065
        0.9363360320       -0.2841530951        0.1741315069
       -0.7142518150       -0.6688142426        0.1741315069
        0.1023940281        0.6284161849        0.6751944611
        0.4930273660       -0.4028839218        0.6751944614
       -0.5954213943       -0.2255322626        0.6751944612
        0.6631482038        0.2334461512        0.4893553450
       -0.5337443992        0.4575801156        0.4893553448
       -0.1294038047       -0.6910262665        0.4893553451
        0.1585643348        0.3585161414       -0.7268855217
        0.2312019190       -0.3165788130       -0.7268855215
       -0.3897662536       -0.0419373289       -0.7268855216
        0.3865432241       -0.6718701531        0.0654308603
        0.3885850086        0.6706913283        0.0654308600
       -0.7751282327        0.0011788249        0.0654308600
        0.4020202849        0.0000000000       -0.1364337618
       -0.2010101424       -0.3481597796       -0.1364337617
       -0.2010101424        0.3481597795       -0.1364337619
        0.0000000000        0.0000000001        0.4533318781
