         1.0000000000       34.4080000000        1.0000000000       10.0000000000        8.0000000000
       -0.3933038465       -0.8485972912       -0.4118196170
       -0.3964857823       -0.8040707813        0.2393843435
        1.1492694106        0.7778014480       -0.1883563322
       -0.8533186104        0.7798782424       -0.1982834510
        0.8151435073        0.8343544849       -0.7362652654
        0.8098676186        0.9081827834        0.3434798224
       -0.5135263123        0.8373597934       -0.7435045303
       -0.5188074688        0.9112618074        0.3373186541
        0.1536025275       -0.2181312010       -1.1804350202
        0.1433377648       -0.0744909535        0.9203157082
        0.1504799145       -0.7123059027       -0.7560815112
        0.1440142238       -0.6218280767        0.5671643200
        0.6840906064       -0.2271352096        0.5498887677
        0.6906250935       -0.3185757401       -0.7874366982
       -0.2438933687        1.1472409174       -0.2204243264
        0.5407462152        1.1435338729       -0.2163369209
        1.0114180810        0.2650054791        0.2147277575
        1.0150042892        0.2148217738       -0.5192131619
       -0.7189450376        0.2708451494        0.2105914204
       -0.7153129394        0.2200192804       -0.5327411982
       -0.4110701825       -0.2272042019        0.5641852572
       -0.4043446327       -0.3213183734       -0.8122424343
        0.4956268007        0.3025326295       -0.9479828934
        0.4879530695        0.4099152050        0.6224963259
       -0.1943701583        0.3057543322       -0.9589630925
       -0.2021157551        0.4141425593        0.6262238643
        0.7061619375       -0.2298140909       -0.1216250677
        0.1608164834       -0.6396270143       -0.0962685190
        0.1453600188        0.8834199922        0.2650204785
        0.1498878652        0.8200594458       -0.6616328523
       -0.4297006332       -0.2407879806       -0.1264248126
        0.1358213964       -0.0122023512        0.2138335389
        0.1392561576       -0.0602667803       -0.4891127888
       -0.2095052929        0.4768832883       -0.1744201432
        0.5011210391        0.4715124637       -0.1705806219
