         1.0000000000       34.4080000000        1.0000000000       10.0000000000        8.0000000000
    1.070125898815992  -0.000000000072317   0.403150654682944
   -1.070125898703079   0.000000000042808   0.403150654982661
   -0.321614483502358   0.000000000055115  -1.033285664540704
    0.321614483212959   0.000000000020516  -1.033285664630780
    1.097416511911243  -0.000000000050176  -0.241942012883586
   -1.097416511979005   0.000000000067885  -0.241942012576225
    0.000000000151500   0.659825502821815   0.828402452999852
    0.000000000080516  -0.659825502882449   0.828402452951556
   -0.366182652279041  -0.963980963953106   0.375180541394048
    0.366182652280414  -0.963980963992501   0.375180541291488
   -0.366182652175335   0.963980963965039   0.375180541464606
    0.366182652384121   0.963980963925645   0.375180541362047
    0.330982995825566   0.883859587906003  -0.278733975667949
   -0.330982995903632  -0.883859587885601  -0.278733975639942
   -0.330982995808546   0.883859587941610  -0.278733975575248
    0.330982995730479  -0.883859587921208  -0.278733975732642
   -0.000000000139257  -0.558493643720870  -0.779899830407286
   -0.000000000079174   0.558493643777955  -0.779899830366407
    0.834827127981099  -0.574094307948833   0.058821476984709
   -0.834827128026386  -0.574094307859022   0.058821477218524
   -0.834827127964625   0.574094307944528   0.058821477260545
    0.834827128042861   0.574094307854716   0.058821477026730
   -0.567181865758634   0.369405605482358   0.636653766662993
   -0.567181865798375  -0.369405605467940   0.636653766635954
    0.567181865976686   0.369405605421340   0.636653766504138
    0.567181865936946  -0.369405605528958   0.636653766477100
    0.609030589414351  -0.344770784752026  -0.543011079783103
   -0.609030589603526  -0.344770784686505  -0.543011079612528
    0.609030589451442   0.344770784726251  -0.543011079757868
   -0.609030589566435   0.344770784791771  -0.543011079587293
    0.000000000092755  -0.000000000024241   0.662356305694655
    0.489508606067007  -0.000000000028545   0.060484372813522
   -0.489508606050067   0.000000000024117   0.060484372950622
   -0.000000000004741  -0.462726009164067   0.143886279888343
    0.000000000045040   0.462726009153535   0.143886279922212
   -0.000000000058759   0.000000000015356  -0.419591730407686
