         1.0000000000       34.4080000000        1.0000000000       10.0000000000        8.0000000000
       -0.2115917402       -0.5670619909       -0.7336609823
       -0.1384652014       -0.5932034827        0.0000543680
        0.4470054736       -0.3497571169       -0.7950295584
        0.5491353359       -0.4252015383       -0.0000930391
        0.0240899100       -0.0368758268       -0.3621652181
       -0.0457026701        0.0146627301       -1.0480886507
       -0.5849161718       -0.0074620274       -0.6671590924
        0.4620251935        0.3436115936       -0.7337756619
       -0.1823319097        0.5367981221       -0.6672276302
       -0.5771139314       -0.0133776515        0.0001757804
        0.5085146579        0.2814590118       -0.0000557768
       -0.1743112588        0.5311777707        0.0001072055
       -0.2112628591       -0.5671204657        0.7338045031
        0.4473617997       -0.3498204714        0.7948951879
        0.0242522613       -0.0369046928        0.3622453911
       -0.0452328593        0.0145791980        1.0482041430
       -0.5846170513       -0.0075152108        0.6675145528
        0.4623540746        0.3435531187        0.7336898235
       -0.1820327892        0.5367449387        0.6674460150
        0.9373618387       -0.0366432515        0.4479174399
        0.9371609949       -0.0366075416       -0.4482465204
        0.3132810085        0.8521629770        0.3327437421
        0.3131318676        0.8521894942       -0.3327222693
        0.2910841089       -0.9100492919       -0.4481365293
        0.2912849528       -0.9100850018        0.4480274310
       -0.7412797291       -0.5735146729        0.3329232753
       -0.7414288700       -0.5734881558       -0.3325427361
        0.9326531285       -0.7089510907       -0.5158128451
        0.9328842460       -0.7089921832        0.5154321957
        0.9470953671        0.6451197825       -0.3409346373
        0.9472481217        0.6450926229        0.3406554453
       -0.3578645455       -1.1190765459       -0.3407124750
       -0.3577117909       -1.1191037056        0.3408776076
        1.2410807942       -0.4377244157       -0.0002486136
        1.3362888186        0.2363025330       -0.0002430928
        0.7636460956       -1.0831760760       -0.0001673329
        0.1470077219       -1.3715057407       -0.0000406242
