         1.0000000000       34.4080000000        1.0000000000       10.0000000000        8.0000000000
        0.3463806675        0.3463806675        0.0000000000
        1.0149280890        0.3377756686        0.0000000000
        0.3377756686        1.0149280890        0.0000000000
       -0.3463806675        0.3463806675        0.0000000000
       -1.0149280890        0.3377756686        0.0000000000
       -0.3377756686        1.0149280890        0.0000000000
       -0.3463806675       -0.3463806675        0.0000000000
       -1.0149280890       -0.3377756686        0.0000000000
       -0.3377756686       -1.0149280890        0.0000000000
        0.3463806675       -0.3463806675        0.0000000000
        1.0149280890       -0.3377756686        0.0000000000
        0.3377756686       -1.0149280890        0.0000000000
        0.0000000000        0.0000000000        0.4898562377
        0.7143136561        0.0000000000        0.5050960301
       -0.7143136561        0.0000000000        0.5050960301
        0.0000000000        0.7143136561        0.5050960301
        0.0000000000       -0.7143136561        0.5050960301
        0.6763518788        0.6763518788        0.4788190684
       -0.6763518788        0.6763518788        0.4788190684
       -0.6763518788       -0.6763518788        0.4788190684
        0.6763518788       -0.6763518788        0.4788190684
        0.0000000000        0.0000000000       -0.4898562377
        0.7143136561        0.0000000000       -0.5050960301
       -0.7143136561        0.0000000000       -0.5050960301
        0.0000000000        0.7143136561       -0.5050960301
        0.0000000000       -0.7143136561       -0.5050960301
        0.6763518788        0.6763518788       -0.4788190684
       -0.6763518788        0.6763518788       -0.4788190684
       -0.6763518788       -0.6763518788       -0.4788190684
        0.6763518788       -0.6763518788       -0.4788190684
        0.3385762102        0.3385762102        0.9565060000
       -0.3385762102        0.3385762102        0.9565060000
       -0.3385762102       -0.3385762102        0.9565060000
        0.3385762102       -0.3385762102        0.9565060000
        0.3385762102        0.3385762102       -0.9565060000
       -0.3385762102        0.3385762102       -0.9565060000
       -0.3385762102       -0.3385762102       -0.9565060000
        0.3385762102       -0.3385762102       -0.9565060000
