         1.0000000000       34.4080000000        1.0000000000       10.0000000000        8.0000000000
        0.3451007110        0.3451007110        0.0060857137
        1.0157623430        0.3374631606        0.0010095867
        0.3374631606        1.0157623430        0.0010095867
       -0.3451007110        0.3451007110        0.0060857137
       -1.0157623430        0.3374631606        0.0010095867
       -0.3374631606        1.0157623430        0.0010095867
       -0.3451007110       -0.3451007110        0.0060857137
       -1.0157623430       -0.3374631606        0.0010095867
       -0.3374631606       -1.0157623430        0.0010095867
        0.3451007110       -0.3451007110        0.0060857137
        1.0157623430       -0.3374631606        0.0010095867
        0.3374631606       -1.0157623430        0.0010095867
        0.0000000000        0.0000000000        0.5072533112
        0.7142565127        0.0000000000        0.5051749321
       -0.7142565127        0.0000000000        0.5051749321
        0.0000000000        0.7142565127        0.5051749321
        0.0000000000       -0.7142565127        0.5051749321
        0.6809892112        0.6809892112        0.4745976385
       -0.6809892112        0.6809892112        0.4745976385
       -0.6809892112       -0.6809892112        0.4745976385
        0.6809892112       -0.6809892112        0.4745976385
        0.0000000000        0.0000000000       -0.4867032638
        0.7125076762        0.0000000000       -0.5022715662
       -0.7125076762        0.0000000000       -0.5022715662
        0.0000000000        0.7125076762       -0.5022715662
        0.0000000000       -0.7125076762       -0.5022715662
        0.6753221384        0.6753221384       -0.4752315123
       -0.6753221384        0.6753221384       -0.4752315123
       -0.6753221384       -0.6753221384       -0.4752315123
        0.6753221384       -0.6753221384       -0.4752315123
        0.3515107250        0.3515107250        0.9641282559
       -0.3515107250        0.3515107250        0.9641282559
       -0.3515107250       -0.3515107250        0.9641282559
        0.3515107250       -0.3515107250        0.9641282559
        0.3382051336        0.3382051336       -0.9548659502
       -0.3382051336        0.3382051336       -0.9548659502
       -0.3382051336       -0.3382051336       -0.9548659502
        0.3382051336       -0.3382051336       -0.9548659502
        0.0000000000        0.0000000000        1.3858274542
