         1.0000000000       34.4080000000        1.0000000000       10.0000000000        8.0000000000
        0.3439388829        0.3439388829        0.0000000000
        1.0166801111        0.3370876903        0.0000000000
        0.3370876903        1.0166801111        0.0000000000
       -0.3439388829        0.3439388829        0.0000000000
       -1.0166801111        0.3370876903        0.0000000000
       -0.3370876903        1.0166801111        0.0000000000
       -0.3439388829       -0.3439388829        0.0000000000
       -1.0166801111       -0.3370876903        0.0000000000
       -0.3370876903       -1.0166801111        0.0000000000
        0.3439388829       -0.3439388829        0.0000000000
        1.0166801111       -0.3370876903        0.0000000000
        0.3370876903       -1.0166801111        0.0000000000
        0.0000000000        0.0000000000        0.5037929278
        0.7123067522        0.0000000000        0.5023380680
       -0.7123067522        0.0000000000        0.5023380680
        0.0000000000        0.7123067522        0.5023380680
        0.0000000000       -0.7123067522        0.5023380680
        0.6797399816        0.6797399816        0.4713006885
       -0.6797399816        0.6797399816        0.4713006885
       -0.6797399816       -0.6797399816        0.4713006885
        0.6797399816       -0.6797399816        0.4713006885
        0.0000000000        0.0000000000       -0.5037929278
        0.7123067522        0.0000000000       -0.5023380680
       -0.7123067522        0.0000000000       -0.5023380680
        0.0000000000        0.7123067522       -0.5023380680
        0.0000000000       -0.7123067522       -0.5023380680
        0.6797399816        0.6797399816       -0.4713006885
       -0.6797399816        0.6797399816       -0.4713006885
       -0.6797399816       -0.6797399816       -0.4713006885
        0.6797399816       -0.6797399816       -0.4713006885
        0.3508675726        0.3508675726        0.9627039369
       -0.3508675726        0.3508675726        0.9627039369
       -0.3508675726       -0.3508675726        0.9627039369
        0.3508675726       -0.3508675726        0.9627039369
        0.3508675726        0.3508675726       -0.9627039369
       -0.3508675726        0.3508675726       -0.9627039369
       -0.3508675726       -0.3508675726       -0.9627039369
        0.3508675726       -0.3508675726       -0.9627039369
        0.0000000000        0.0000000000        1.3855189351
        0.0000000000        0.0000000000       -1.3855189351
