         1.0000000000       34.4080000000        1.0000000000       10.0000000000        8.0000000000
       -0.2205423898       -0.5556490624       -0.7249844222
       -0.1464766449       -0.5830478414        0.0000056679
        0.4397829640       -0.3400139657       -0.7946148604
        0.5389811504       -0.4130557516       -0.0001201221
        0.0184929478       -0.0204918383       -0.3682883019
       -0.0458069038        0.0261530685       -1.0507986912
       -0.6091831297       -0.0012869710       -0.6982600597
        0.4544425250        0.3585623964       -0.7347076133
       -0.1984854857        0.5547583292       -0.6742051671
       -0.5673514486       -0.0176960395        0.0001855666
        0.4984046190        0.2957350071       -0.0000024824
       -0.1880786506        0.5621645361        0.0001904341
       -0.2202211693       -0.5558713368        0.7250368681
        0.4401349845       -0.3402575528        0.7944408445
        0.0186561447       -0.0206047655        0.3683989624
       -0.0453413069        0.0258308902        1.0509520416
       -0.6088736738       -0.0015011048        0.6986546560
        0.4547680492        0.3583371439        0.7347412813
       -0.1981866901        0.5545515721        0.6745882775
        0.9267223151       -0.0244851567        0.4462102692
        0.9265245540       -0.0243483123       -0.4465031114
        0.3098486912        0.8669409341        0.3342815064
        0.3097006419        0.8670433796       -0.3340277609
        0.2834463983       -0.9001136295       -0.4472094271
        0.2836444760       -0.9002506930        0.4469330117
       -0.7858515683        0.5325183171        0.3335752340
       -0.7859992198        0.5326204873       -0.3329385594
       -0.7712434735       -0.5731422264        0.3372188081
       -0.7713928159       -0.5730388861       -0.3369275796
        0.9250674794       -0.6975972093       -0.5149604815
        0.9252955254       -0.6977550100        0.5144618698
        0.9406189214        0.6565773368       -0.3407229479
        0.9407698608        0.6564728915        0.3406326353
       -0.3667488079       -1.1085089726       -0.3398286548
       -0.3665982563       -1.1086131496        0.3397764380
       -1.1574325634       -0.0209223961       -0.3237228972
       -1.1572889960       -0.0210217402        0.3243544333
        1.2328346474       -0.4256751423       -0.0002757645
        1.3292827697        0.2470250471       -0.0001940120
        0.7559054701       -1.0724432390       -0.0002692547
        0.1384972128       -1.3618966030       -0.0001768519
