         1.0000000000       34.4080000000        1.0000000000       10.0000000000        8.0000000000
        0.0136797392        0.6567914826       -0.4046475569
        0.2110636049        0.9549403755        0.1427743795
       -0.8570212643       -0.3047650655        0.8234934257
        1.3672275476       -0.2400959807        0.7860639539
        0.9629506461       -0.8507573950       -0.3351525317
        0.2656408986       -1.0059810011        0.8006067968
       -0.4024212582       -0.8047839530       -0.3728950269
        0.2571305114        0.1914708787        1.4562975748
        1.2270600772        0.3985577706        0.7976736728
        0.6666370135       -0.4479628676       -0.7565966196
       -0.3024126280        0.1358462706       -0.6773663026
        0.2338550523        0.9458801332        0.8099117527
       -0.7475771543        0.3449100342        0.8429753364
       -0.9562311454        0.0297375847        0.2642969757
        1.3929538160        0.0957373751        0.2002354420
        1.1876555712       -0.2143662099       -0.3691361337
       -0.0018832046       -0.4400812911       -0.7818015334
        0.6909554998        0.6064535507        1.1397086356
       -0.2043091318        0.5897197276        1.1656231278
       -0.7424686720       -0.2231717949       -0.3269017880
        0.8564225382        0.3193140296       -0.1342224017
        0.8274027100       -0.0409973439        1.1585328140
        0.2784264175       -0.8702276015       -0.3639911469
       -0.2987401693       -0.6608123499        0.8161123239
       -0.3115001240       -0.0671832994        1.1686527909
       -0.6508055774       -0.5797051557        0.2276273042
        1.1766022196       -0.5462936117        0.2217765887
       -0.0784814675       -0.9345731470        0.2084449991
        0.2639050961       -0.4173972648        1.1580155983
        0.6118663683       -0.9441142173        0.2310206775
        0.8196448673       -0.6302642013        0.8072709592
        0.7205383506        0.6619152543        0.4493906873
        0.3559804262        0.1112494685       -0.5616696854
       -0.2679199907        0.6536111880        0.4916784412
       -0.4714103080        0.3462384827       -0.0726790513
        0.5921809591       -0.3260630540       -0.0976670696
        0.7995394996       -0.0128473865        0.4774185044
       -0.3241244877       -0.0342535589        0.4840150094
        0.2432774765       -0.4081162233        0.4830481983
        0.2382059620        0.2355872249        0.7991553194
       -0.0978702297       -0.2720568225       -0.1329141735
        0.2229749445        0.2816929649        0.1146697317
