         1.0000000000       34.4080000000        1.0000000000       10.0000000000        8.0000000000
       -0.1876185192       -0.5661933334       -0.7126059292
       -0.1861026689       -0.5895125762        0.0000471267
        0.4718781980       -0.3555386653       -0.7127415741
        0.4844269814       -0.3753337982       -0.0000907875
       -0.0011408369       -0.0120993425       -0.3569623323
       -0.0059227942        0.0024375331       -1.0309601876
       -0.5955815172        0.0029585923       -0.7074048335
        0.4743715598        0.3447201272       -0.7076249008
       -0.1818908047        0.5535655251       -0.6818209901
       -0.5909422703       -0.0215782833        0.0001735807
        0.4850792404        0.3221216144       -0.0000477348
       -0.1888423467        0.5757678386        0.0001199208
       -0.1872971634       -0.5662816158        0.7127036769
        0.4721995539       -0.3556269476        0.7125680320
       -0.0009798541       -0.0121435674        0.3570446711
       -0.0054578862        0.0023098144        1.0310464098
       -0.5952624493        0.0028709385        0.7077570491
        0.4746906277        0.3446324734        0.7075369817
       -0.1815833000        0.5534810479        0.6820548721
        0.9565137523       -0.0166854494        0.3803554903
        0.9563421605       -0.0166383099       -0.3807054720
        0.3097255257        0.8802698960        0.3386433385
        0.3095728339        0.8803118432       -0.3385905569
        0.2898879530       -0.9232406684       -0.3838122570
        0.2900609881       -0.9232882043        0.3836504894
       -0.7714843255        0.5349127525        0.3388657212
       -0.7716370173        0.5349546997       -0.3383681742
       -0.7785393023       -0.5708914307        0.3807123551
       -0.7787108940       -0.5708442913       -0.3803486072
        0.9495374645       -0.7084331002       -0.3491040383
        0.9496947876       -0.7084763198        0.3486714303
        0.9460107521        0.6725262119       -0.3363935539
        0.9461623827        0.6724845562        0.3361336082
       -0.3721276562       -1.1305958193       -0.3488321990
       -0.3719703330       -1.1306390388        0.3489432696
       -1.1697779255       -0.0032933185       -0.3359583796
       -1.1696262949       -0.0033349742        0.3365687825
        1.3852511827       -0.3503792317       -0.0002923451
        1.3874967357        0.3149813081       -0.0002516396
        0.7364172162       -1.2299952259       -0.0002005391
        0.1040053053       -1.4319985381       -0.0000704650
       -1.3221261719       -0.5505191553        0.0003056742
       -0.9345933813       -1.0913777446        0.0001847993
