         1.0000000000       34.4080000000        1.0000000000       10.0000000000        8.0000000000
        1.0447531237        1.0063669036        0.3341605448
       -1.1747287712        0.9874302859        0.2987544593
       -0.0692604436        1.7064936484        0.2047725255
       -0.6931505269        0.4714239532       -1.1936201491
        0.6198906090        0.4826268190       -1.1726739783
        1.1940311355        0.6756860925       -0.2060252710
       -1.3010393218        0.6543981535       -0.2458276582
       -0.0709168503        0.5364791727        0.9343782141
       -0.0545715790       -0.2465515346        0.3285478789
       -0.7352582754        1.4331144527       -0.9287521453
        0.6371180875        1.4448235666       -0.9068594347
       -0.0434069205       -0.3017746561       -0.3417893822
       -1.0495043249        0.3318254152        0.3009733644
        0.9307234258        0.3487207167        0.3325627696
        0.3031073930        1.0475859150       -1.3283203763
       -0.3812476544        1.0417469983       -1.3392374887
        0.9981177752        0.8904261755       -0.8209504135
       -1.0893046226        0.8726162894       -0.8542498317
        0.3832464932        0.1235145773        0.6569321977
       -0.5088895281        0.1159028735        0.6427004780
       -0.3678833859       -0.0361612840       -0.8624887070
        0.2929336687       -0.0305231935       -0.8519470823
        0.7447762338        0.3292976384       -0.5398498055
       -0.8355224178        0.3158145316       -0.5650593777
        0.2901828687        1.6030822486       -0.3540051718
       -0.4088826557        1.5971178221       -0.3651569518
       -0.6370734410        0.7662514398        0.6368012708
        0.5004407664        0.7759567100        0.6549473640
        0.8672924367        1.2616415266       -0.2875687974
       -0.9819091103        1.2458641406       -0.3170680189
       -0.6187768081        1.3461834098        0.2492257748
        0.4846248661        1.3555976319        0.2668276908
       -0.0491162668        1.4401726444       -0.9155551310
       -0.0703920261        1.1255557589        0.5864166810
       -0.5376307924        0.0320718069       -0.0324783696
        0.4349333884        0.0403697236       -0.0169636269
       -0.0379754875        0.5014225681       -1.1118492572
        0.5215417579        0.7271898396       -0.0294750434
       -0.6354995100        0.7173179645       -0.0479326403
       -0.0590742230        1.0819474299       -0.0997327336
       -0.4243642937        0.8962797151       -0.6787732395
        0.3276121618        0.9026955776       -0.6667774027
       -0.0598271213        0.4716098836        0.2738971834
       -0.0481038330        0.3750666478       -0.4093589115
