         1.0000000000       34.4080000000        1.0000000000       10.0000000000        8.0000000000
        0.1179599075       -0.8199190835       -1.8036536008
        1.2768173798       -0.0556027565       -0.7732085435
       -0.5135722995        1.0518610200       -0.9252701979
       -1.0620534183        0.7112901231       -0.8398018379
        0.0245717938       -1.1995545226       -1.2926591707
       -1.1093303937        0.4355110139       -0.2564730472
        1.0650696545        0.4865010427       -1.0623746095
        0.0289492834        0.1850242488        0.4047659368
        0.6884120715       -0.8158918806       -0.1939680808
       -0.6569684220       -0.8146768071       -0.2134100532
        1.1205612545        0.4628246722       -0.3791650441
       -0.3243331521       -0.3453808304       -1.7748838939
        0.5881195240        0.8775357190       -0.3138230796
        0.5646098514        0.9095872615       -0.9783996904
       -1.1297364550        0.0410955381       -0.8244216896
       -0.5469289767       -0.8276213003       -1.3662638376
       -0.1261731822        0.2804099307       -1.6915265595
       -0.5927822907        0.8787335282       -0.2920127558
        0.9596741435       -0.6534500938       -0.7733177273
       -0.9016871099       -0.6144991240       -0.8061114536
        0.6004096493       -0.7910224655       -1.3435308107
        0.0127202720        0.7418653648        0.0400726024
       -0.0180178332        0.8188950347       -1.3067053437
        0.3331840800       -0.2036071699       -1.6854171814
       -0.6140518063        0.5042311685       -1.2908452376
        0.5006091682        0.4148489516       -1.4307745284
        0.3698406054       -1.0217508245       -0.7544770307
        0.5896759859        0.3323249641        0.0533214348
       -0.8913458859       -0.1912276332       -0.2461899239
       -0.3291567090       -1.0128662151       -0.7624718201
        0.9202898036       -0.1790338959       -0.2420177687
       -0.5419561298        0.3232943923        0.0785508582
        0.3593812000       -0.3196254556        0.1131609190
       -0.3238373060       -0.3224153533        0.1137928071
        0.0168259400       -0.8230300997       -0.2018959849
        0.7393454921       -0.1509455637       -1.1583111231
       -0.6041054928       -0.1601729628       -1.2013273915
        0.0025429711        0.7470615255       -0.6318465799
        0.5583845657        0.2968617536       -0.6708841800
        0.0198427575        0.1453108939       -0.2727830582
        0.0131534192       -0.5245040919       -1.1762387190
       -0.5485227375        0.3086668147       -0.6377991779
       -0.3233626626       -0.3520142212       -0.5919329515
        0.3688137928       -0.3633008760       -0.5999004836
       -0.0016073036        0.1562832654       -1.0420373905
