         1.0000000000       34.4080000000        1.0000000000       10.0000000000        8.0000000000
        1.1029436751        1.3076628490        0.1003196064
        0.0535914540       -0.3486140020       -0.9734200386
       -1.1311402947        1.2376146552        0.0646547406
       -1.0894728248        0.9629109529        0.6427139738
       -0.0374812391       -0.7021698314       -0.4461110028
        1.1594485433        0.8973619445        0.5900247695
       -0.5550879066        1.5271882881       -0.0115293077
       -0.4098200421        0.1047216479       -0.9383511673
        0.9878443897        0.9243757984       -0.4108911557
        0.6727207279       -0.3415118613        0.6175212454
        0.0439012994        0.6583945120        1.2713642428
       -0.6763259013       -0.3000312590        0.6505340606
        1.1960861651        0.4945291410        0.0400313112
       -0.6093915083       -0.3319001979       -0.4900248902
       -0.5568965772        1.3899127368        0.6308226276
       -1.1297522569        0.5739438701        0.0439244790
        0.6127292167        1.3562579403        0.5455373993
        0.5462756728       -0.2978702684       -0.5311781191
       -0.9297875102       -0.0895406913        0.0671921645
        0.9189557228       -0.1339465365        0.0300505677
        0.0443619535        1.2300864720        0.9220722093
        0.2429579570        0.2744092799       -0.8871083380
       -0.7343776667        1.0074013496       -0.4055033636
        0.5138278669        1.3517542706       -0.1868491645
       -0.1116722159        1.2785791916       -0.4311491421
       -0.2540164447        0.7276171267       -0.7892497771
        0.3862266048        0.9009497722       -0.6792417198
        0.9219548760        0.2763390182        0.6005724572
       -0.5230675123        0.8171853378        0.9591520210
       -0.3625121450       -0.5031091740        0.0987869102
       -0.8945563584        0.3308080204        0.6226874001
        0.3351071083       -0.5137366132        0.0673268762
        0.5956234620        0.8027477541        0.9233369994
        0.3596911115        0.1559039402        0.9559191089
        0.0011504362       -0.3294760987        0.6414815517
       -0.3204222538        0.1724061337        0.9696909442
        0.6344600477        0.3498381277       -0.3465012626
       -0.6176189220        0.3490042924       -0.3414711947
        0.0101922926        1.2581234138        0.2476665187
        0.0280701482        0.6510982149        0.5818459614
       -0.3405051565        0.1640685424        0.2663789834
        0.3463091678        0.1411119417        0.2483748249
       -0.5512698367        0.8457557441        0.2312353700
       -0.0286810268       -0.0234054515       -0.3370059455
        0.6093245353        0.7922752219        0.1912481437
        0.0089781655        0.6571454831       -0.1541768796
