         1.0000000000       34.4080000000        1.0000000000       10.0000000000        8.0000000000
       -0.2041065447       -0.5694847310       -0.7046053557
       -0.1850542233       -0.5701660259        0.0000305014
        0.4659310570       -0.3614326118       -0.7122443650
        0.4817178275       -0.3652789791       -0.0000955522
       -0.0002835154       -0.0048718890       -0.3613582019
       -0.0103739556       -0.0119387559       -1.0352050098
       -0.6005452798       -0.0148462465       -0.7044856178
        0.4744567309        0.3345345041       -0.7156718470
       -0.1867942178        0.5517641200       -0.7120472198
       -0.5948783769        0.0031993579        0.0001542822
        0.4852933888        0.3421257259       -0.0000494608
       -0.1851775431        0.5677424563        0.0001058728
       -0.2038114459       -0.5695780451        0.7046743598
        0.4662293021       -0.3615269208        0.7120603126
       -0.0001321686       -0.0049197469        0.3614166499
       -0.0099404052       -0.0120758502        1.0352666827
       -0.6002501809       -0.0149395606        0.7047940977
        0.4747564299        0.3344397353        0.7155763894
       -0.1864959727        0.5516698110        0.7122574577
        0.9496862879       -0.0170598774        0.3785322678
        0.9495276895       -0.0170097265       -0.3788732040
        0.2958584386        0.8976794136        0.3787297459
        0.2956998402        0.8977295645       -0.3786757259
        0.2797846068       -0.9226062337       -0.3783349320
        0.2799430134       -0.9226563239        0.3781545536
       -0.7777829988        0.5571575805        0.3784740227
       -0.7779414054        0.5572076708       -0.3780154629
       -0.7829045139       -0.5644170752        0.3403023323
       -0.7830469651       -0.5643720303       -0.3399901594
        0.9401279496       -0.7123494758       -0.3464497717
        0.9402729508       -0.7123953271        0.3460206926
        0.9528930473        0.6764266383       -0.3469255737
        0.9530382851        0.6763807122        0.3466750616
       -0.3652345517        1.1139208036       -0.3460555080
       -0.3650895506        1.1138749523        0.3464149562
       -0.3843497801       -1.1125612586       -0.3352806724
       -0.3842093514       -1.1126056640        0.3353532782
       -1.1726516259       -0.0096858268       -0.3350425785
       -1.1725111972       -0.0097302322        0.3355913720
        1.3778502720       -0.3537428856       -0.0002824358
        1.3845790706        0.3109143454       -0.0002398351
        0.7468777510        1.2030917796       -0.0000472277
        0.1158317323        1.4118869288        0.0000987366
        0.7243857881       -1.2361470445       -0.0002040298
        0.0864757898       -1.4318182381       -0.0000834096
       -0.9305964063        1.0792594357        0.0002958308
       -1.3222344572        0.5390409323        0.0003420685
