         1.0000000000       34.4080000000        1.0000000000       10.0000000000        8.0000000000
       -0.1957711354       -0.5714513145       -0.7102832541
       -0.1988178728       -0.5811009969        0.0000420933
        0.4658255382       -0.3619050388       -0.7104139078
        0.4741270604       -0.3679604082       -0.0000908015
       -0.0091046379       -0.0113944450       -0.3593073336
       -0.0092511233       -0.0113537274       -1.0357669092
       -0.5995060894       -0.0069888361       -0.7101618502
        0.4709798154        0.3320641601       -0.7103732524
       -0.1874313398        0.5514144365       -0.7102174722
       -0.6094780264       -0.0069563859        0.0001655797
        0.4793697480        0.3379123309       -0.0000494487
       -0.1903350260        0.5610250867        0.0001090036
       -0.1954634977       -0.5715368267        0.7103672111
        0.4661331759       -0.3619905510        0.7102365574
       -0.0089490088       -0.0114377043        0.3593779042
       -0.0088025234       -0.0114784220        1.0358374798
       -0.5991984517       -0.0070743484        0.7104886150
        0.4712874531        0.3319786479        0.7102772128
       -0.1871237021        0.5513289243        0.7104329930
        0.9485605721       -0.0185502143        0.3739660352
        0.9483985349       -0.0185051738       -0.3743110111
        0.2937035016        0.8970064927        0.3741629520
        0.2935414644        0.8970515332       -0.3741140943
        0.2800143371       -0.9242338645       -0.3742207924
        0.2801763743       -0.9242789050        0.3740562539
       -0.7794046236        0.5571229655        0.3743748721
       -0.7795666608        0.5571680060       -0.3739021742
       -0.7877648480       -0.5684933135        0.3743089290
       -0.7879268852       -0.5684482730       -0.3739681173
        0.9397761124       -0.7116213115       -0.3444975732
        0.9399252203       -0.7116627581        0.3440728941
        0.9500723522        0.6746590750       -0.3444163594
        0.9502214601        0.6746176283        0.3441541079
       -0.3651769010        1.1128355624       -0.3441051712
       -0.3650277931        1.1127941157        0.3444652961
       -0.3818365670       -1.1302132208       -0.3442365779
       -0.3816874591       -1.1302546675        0.3443338894
       -1.1883418830       -0.0026368618       -0.3439940601
       -1.1881927751       -0.0026783084        0.3445764072
        1.3811547699       -0.3542807052       -0.0002863923
        1.3860941990        0.3107614748       -0.0002474315
        0.7466465654        1.2047742236       -0.0000551483
        0.1156802479        1.4149812274        0.0000941385
        0.7284983157       -1.2386967007       -0.0001982965
        0.0944792630       -1.4395083682       -0.0000730888
       -0.9321765779        1.0830954970        0.0003010718
       -1.3270746371        0.5479683900        0.0003543753
       -0.9483322422       -1.0920947648        0.0001736406
       -1.3352381372       -0.5511610206        0.0002899840
