         1.0000000000       34.4080000000        1.0000000000       10.0000000000        8.0000000000
        0.1249791546        0.3574065852       -0.1641951074
        0.1162983519        1.0301416661       -0.1527904429
       -0.5680958197        0.3460108706       -0.1813570932
       -1.2374958518        0.3365904657       -0.2053493077
       -0.5665696248        1.0165808584       -0.1879249630
       -0.5680958197       -0.3460108706       -0.1813570932
       -1.2374958518       -0.3365904657       -0.2053493077
       -0.5665696248       -1.0165808584       -0.1879249630
        0.1249791546       -0.3574065852       -0.1641951074
        0.1162983519       -1.0301416661       -0.1527904429
       -0.2499583092        0.0000000000        0.3283902148
       -0.9518770183        0.0000000000        0.3127788140
       -0.2517250829        0.7198656654        0.3307113666
       -0.2517250829       -0.7198656654        0.3307113666
       -0.9238882111        0.6759693483        0.2815130311
       -0.9238882111       -0.6759693483        0.2815130311
       -0.2051130330        0.0000000000       -0.6582366003
        0.5034501659        0.0000000000       -0.6614227332
       -0.9187026496        0.0000000000       -0.6992819842
       -0.2019921998        0.7148225987       -0.6724048246
       -0.2019921998       -0.7148225987       -0.6724048246
        0.4821860049        0.6813617515       -0.6334863049
       -0.8815593521        0.6758845112       -0.6729715442
       -0.8815593521       -0.6758845112       -0.6729715442
        0.4821860049       -0.6813617515       -0.6334863049
       -0.5984843568        0.3487799145        0.7862767478
       -0.5984843568       -0.3487799145        0.7862767478
        0.1425561821        0.3406115101       -1.1195602294
       -0.5284590433        0.3392940455       -1.1368676498
       -0.5284590433       -0.3392940455       -1.1368676498
        0.1425561821       -0.3406115101       -1.1195602294
       -0.0479694063        0.0000000000        1.0007993708
        0.3261072952        0.3460108706        0.4992767646
        0.3261072952       -0.3460108706        0.4992767646
        0.6890900820        0.0000000000        0.0223972575
        0.7019154122        0.7148225987        0.0156157322
        0.7019154122       -0.7148225987        0.0156157322
       -0.0252871086       -0.6759693483        0.9654944719
        0.3320314777       -1.0165808584        0.4960564778
       -0.0252871086        0.6759693483        0.9654944719
        0.3320314777        1.0165808584        0.4960564778
        1.0411572846       -0.3406115101       -0.4355787886
        1.0411572846        0.3406115101       -0.4355787886
        0.5275136463        0.3365904657        1.1381096934
        0.5275136463       -0.3365904657        1.1381096934
        0.9187026496        0.0000000000        0.6992819842
        0.8834501461        0.6758845112        0.6704874570
        0.8834501461       -0.6758845112        0.6704874570
        1.2365504548       -0.3392940455        0.2065913514
        1.2365504548        0.3392940455        0.2065913514
