         1.0000000000       34.4080000000        1.0000000000       10.0000000000        8.0000000000
        0.1254957003        0.3596266999       -0.1588615946
        0.1144124376        1.0318488683       -0.1585816219
       -0.5677049895        0.3470290281       -0.1804373108
       -1.2374880221        0.3370014946       -0.2055475158
       -0.5671290360        1.0172508370       -0.1875861008
       -0.5672003437       -0.3445200557       -0.1795532582
       -1.2372389467       -0.3368489539       -0.2055404011
       -0.5655726701       -1.0157579335       -0.1864718550
        0.1258964085       -0.3553941241       -0.1620683998
        0.1171139151       -1.0287435058       -0.1513685189
       -0.2468848650        0.0047198900        0.3304935171
       -0.9520963108       -0.0000162814        0.3115717413
       -0.2515149385        0.7208887212        0.3313145336
       -0.2508432521       -0.7165268779        0.3309319934
       -0.9240436039        0.6770842909        0.2814447363
       -0.9238203026       -0.6761764826        0.2815675063
       -0.2042266854        0.0014212613       -0.6565465056
        0.5022161367        0.0011956090       -0.6586831900
       -0.9178388958        0.0001633585       -0.6984416069
       -0.2029306982        0.7139951426       -0.6729265281
       -0.2009431356       -0.7134487360       -0.6704614017
        0.4808832724        0.6817271279       -0.6331620992
       -0.8818940314        0.6759094309       -0.6728429476
       -0.8803005691       -0.6755910239       -0.6715499612
        0.4827507440       -0.6802639861       -0.6318615090
       -0.6041462187        0.3470081858        0.7856952398
       -0.5988232933       -0.3473147949        0.7857087453
        0.1426392855        0.3402400699       -1.1198951360
       -0.5284449427        0.3386852772       -1.1369852760
       -0.5271803229       -0.3390407530       -1.1355945802
        0.1434654677       -0.3399910243       -1.1182375526
       -0.0479287991       -0.0005064917        1.0009876362
        0.3296594905        0.3582361316        0.5105508113
        0.3266562979       -0.3402060666        0.5020519614
        0.6883905350        0.0045539883        0.0266874700
        0.7024907946        0.7147000712        0.0148414771
        0.7014920287       -0.7118879357        0.0173892964
       -0.0267696907       -0.6753940146        0.9662304557
        0.3321050927       -1.0126287613        0.4978952169
       -0.0401492404        0.6808897055        0.9775437540
        0.3317522556        1.0353399263        0.4888181998
        1.0404195999       -0.3375515268       -0.4329195385
        1.0407557062        0.3420383342       -0.4366327940
        0.5318193629        0.3303473613        1.1552686450
        0.5281253862       -0.3436978197        1.1394423553
        0.9180472439        0.0011458863        0.6993102667
        0.9013428826        0.6825311910        0.6696680522
        0.8844930110       -0.6746782320        0.6714186295
        1.2371548980       -0.3385648120        0.2079763523
        1.2416730416        0.3363670004        0.2017505818
        0.5229127428        0.9810216965        1.1092869568
