         1.0000000000       34.4080000000        1.0000000000       10.0000000000        8.0000000000
        0.1489787238       -0.0106354537        0.2540130889
       -0.0914672351       -0.0187849022        0.9017252725
        0.2003063309       -0.7228320074        0.3329399867
       -0.4202388416       -0.3791674666        0.3837503103
       -0.4161039671        0.3602772373        0.3945888904
        0.2082532398        0.6983235159        0.3537708991
        0.8359683561       -0.0155573881        0.3277203821
       -0.1552461360       -0.5665824839       -0.2406574170
       -0.5426042493       -0.0000545871       -0.2040134220
       -0.1489300138        0.5629374420       -0.2241012202
        0.5249862820        0.3635522701       -0.1878670887
        0.5208514075       -0.3758924338       -0.1987056687
        0.0474834939        0.0019989425       -0.5692282721
       -0.0790075742       -0.6799285114        0.9517933649
       -0.6567638569       -0.3610398141        1.0315774159
       -0.6529230501        0.3258164111        1.0416451683
       -0.0716243274        0.6404266294        0.9711467726
        0.4969151656        0.3126379376        0.8180013309
        0.4931864687       -0.3541695321        0.8082274478
        0.8785481242       -0.6765961781        0.3591466529
       -0.3720636316       -1.0604108138        0.5136715736
       -0.9556685777       -0.7223989653        0.5633871588
       -0.9847393646       -0.0089772572        0.5733941646
       -0.9476920036        0.7040616134        0.5842958313
       -0.3603360955        1.0368389245        0.5444124917
        0.8859313710        0.6437589627        0.3785000606
        0.6190688176       -1.0569616321       -0.0997563326
       -0.0443311112       -1.2101520702       -0.0650676034
       -0.6988843043       -0.9304719519       -0.0359368870
       -1.0707113291       -0.3628136437        0.0107936171
       -1.0666575142        0.3621350861        0.0214197191
       -0.6884991039        0.9267262410       -0.0087145794
       -0.0308549640        1.1998039505       -0.0297431214
        0.6307963536        1.0402881062       -0.0690154145
        1.2099034927        0.3322991242       -0.1112883137
        1.2060626858       -0.3545571010       -0.1213560661
        0.2723025259       -0.9270921817       -0.6370201270
       -0.3854816110       -1.0942907687       -0.6156224451
       -0.7725988170       -0.5468959598       -0.5842907042
       -1.1422617467        0.0082724829       -0.5433474831
       -0.7664078936        0.5602345003       -0.5680626860
       -0.3731893476        1.1039498579       -0.5834012299
        0.2826877263        0.9301060111       -0.6097978193
        0.9301616114        0.7105966214       -0.5779381489
        0.9405183056       -0.0022772812       -0.6181789521
        0.9221850373       -0.7158639573       -0.5988468213
       -0.1875175666       -0.5448598529       -0.9464069548
       -0.5726643044        0.0104887337       -0.9118467514
       -0.1813266433        0.5622706071       -0.9301789367
        0.4811798174        0.3675216238       -0.9365618446
        0.4771260024       -0.3574271060       -0.9471879465
        0.0112238921        0.0122866605       -1.2572584048
