         1.0000000000       34.4080000000        1.0000000000       10.0000000000        8.0000000000
        0.0814673547       -0.0601812744        0.1446545110
       -0.0480805737        0.0323525458        0.8268549043
        0.1997391316       -0.7247497267        0.3320127489
       -0.4525780920       -0.3847650799        0.3738107182
       -0.4619238842        0.3324962516        0.3500052620
        0.2221663813        0.5481189853        0.3754061766
        0.7493498221        0.0351276424        0.3333123237
       -0.1612242901       -0.5861568707       -0.2504265523
       -0.5596308880       -0.0224142487       -0.2341941310
       -0.1544960146        0.5377146335       -0.2332361746
        0.5056625959        0.3358634996       -0.2488496735
        0.5264089651       -0.3813581572       -0.2321002190
        0.0281794803       -0.0203686400       -0.5979994833
       -0.0968886854       -0.6354166955        0.9354357712
       -0.6346665475       -0.2713348752        1.0231139671
       -0.5732577429        0.4119041444        1.0040793319
        0.0563770076        0.6840838741        1.0247479652
        0.5706615839        0.2875208512        0.9370142186
        0.5002886587       -0.3642643769        0.8196458722
        0.8716602978       -0.6320460979        0.3359851269
       -0.3797672479       -1.0500656818        0.5141353986
       -0.9668748800       -0.6986228353        0.5964464420
       -1.0191915784        0.0127681975        0.5824536447
       -0.9744752544        0.7028402217        0.5713936988
       -0.3331120975        0.9613237476        0.5840759051
        0.3588719361        1.1343200461        0.5995812195
        0.8765880120        0.6869382484        0.5171060973
        0.6228681541       -1.0465764618       -0.1064118820
       -0.0407262537       -1.2150076469       -0.0592704515
       -0.7122588755       -0.9249274008       -0.0304243347
       -1.0820447527       -0.3611911064        0.0225024287
       -1.0813726067        0.3546431113        0.0054003409
       -0.6763300959        0.9146442953        0.0063580789
        0.0032793456        1.1393496121        0.0250687178
        0.6545311830        0.9647607943       -0.0271925089
        1.1403138060        0.4178674569       -0.0564778384
        1.1881798589       -0.2649912810       -0.1050751815
        0.2831741489       -0.9214632454       -0.6465139474
       -0.3824397523       -1.1058594680       -0.6107726814
       -0.7808116496       -0.5635864678       -0.5947546455
       -1.1502449624       -0.0054449714       -0.5559397270
       -0.7660471412        0.5540385682       -0.5699874158
       -0.3549947223        1.0940472157       -0.5540593283
        0.2908102803        0.9180099909       -0.5922207557
        0.9305673823        0.7094698628       -0.6076680273
        0.9638847267        0.0196693996       -0.6449043819
        0.9566517663       -0.6919288689       -0.5940553368
       -0.1931352902       -0.5615413254       -0.9584770575
       -0.5849075602        0.0006475928       -0.9316838378
       -0.1831790129        0.5560669776       -0.9307339357
        0.4734441289        0.3600539492       -0.9569009057
        0.4926524652       -0.3557110834       -0.9521031702
        0.0035839653       -0.0014295906       -1.2700631282
