         1.0000000000       34.4080000000        1.0000000000       10.0000000000        8.0000000000
        0.3659840370        0.3481359502       -0.0081990050
        1.0654868518        0.3550651867       -0.0142981288
        0.3473510161        1.0551577351       -0.0119918703
       -0.3399598387        0.3489022611        0.0045031605
       -1.0083980963        0.3431101843        0.0063027301
       -0.3425428722        1.0346734051        0.0073941520
       -0.3338037358       -0.3443083828        0.0059935974
       -1.0058385598       -0.3325784470        0.0069396539
       -0.3391842301       -1.0123092586        0.0054182088
        0.3666044305       -0.3593873450        0.0032877183
        1.0622491748       -0.3278047847       -0.0226114357
        0.3388470719       -1.0310762647        0.0017714157
        0.0054170784       -0.0124302241        0.5031737012
        0.7129403826       -0.0130513302        0.4916875679
       -0.7016046912        0.0062035026        0.5069659620
        0.0046514795        0.6935136418        0.4904709469
       -0.0015128583       -0.7119330269        0.5092734020
        0.6978621186        0.6873568489        0.4889810928
       -0.6811196595        0.6960973544        0.4875793820
       -0.6725374489       -0.6696997703        0.4854843717
        0.6813571094       -0.7086960216        0.5175872752
        0.0097988845       -0.0007065099       -0.4813195012
        0.7155774668        0.0051557383       -0.5077372013
       -0.7067194483        0.0040925523       -0.4972211424
        0.0048581435        0.7126648004       -0.4949722438
        0.0055850890       -0.7113557175       -0.4994366789
        0.6933644075        0.6925208812       -0.4845638054
       -0.6709699935        0.6805375531       -0.4722533826
       -0.6707603191       -0.6722167573       -0.4723980074
        0.6865018691       -0.6834222237       -0.4912886672
        0.3542594982        0.3437549759        0.9762941913
       -0.3591118185        0.3486964373        0.9899463354
       -0.3389685748       -0.3398098554        0.9795384875
        0.3483965267       -0.3620235785        1.0027124746
        0.3412323794        0.3440678527       -0.9522907991
       -0.3323542456        0.3409044022       -0.9482268918
       -0.3339447326       -0.3354019034       -0.9500854213
        0.3397431569       -0.3333833485       -0.9574679540
        1.0649086950        0.3479680804        0.9944119576
        1.0369745313       -0.3329486788        0.9862644899
        0.3494611348        1.0602733268        0.9921952316
       -0.3269838807        1.0245245233        0.9672269379
        1.3846293286        0.0147053622        0.4932044071
        0.0104442221        1.3619518921        0.4886708253
        0.0094844139        0.0123222161        1.4472654782
        0.6869356123        0.0138107697        1.4524431961
        0.0126485371        0.6859088345        1.4432010122
        0.6889548428        0.6874986510        1.4450601039
        1.3658629993        0.6927366799        0.4895570334
        1.0232542422        1.0260898391        0.0094903073
        0.6861328514        1.3593916837        0.4880344665
        1.0257704294        1.0243135049        0.9673726900
        1.3379781002       -0.6485163078        0.4843363211
        1.0020687808       -0.9844256880        0.0106400153
