         1.0000000000       34.4080000000        1.0000000000       10.0000000000        8.0000000000
        0.3658491924        0.3486014242       -0.0058295654
        1.0638827303        0.3536321321       -0.0114444438
        0.3475096955        1.0536658551       -0.0096000467
       -0.3391582289        0.3492216012        0.0069654828
       -1.0083434028        0.3429214340        0.0066574054
       -0.3416887793        1.0340960021        0.0101806752
       -0.3331263503       -0.3432035771        0.0086893501
       -1.0058491775       -0.3325172537        0.0070837502
       -0.3379376901       -1.0120405996        0.0057914061
        0.3659494422       -0.3579429007        0.0057185649
        1.0598377164       -0.3288739898       -0.0188103673
        0.3398429463       -1.0303631253        0.0025590716
        0.0068552361       -0.0096843635        0.5081559146
        0.7104628125       -0.0111463884        0.4972389485
       -0.7020500892        0.0057227985        0.5076467074
        0.0056011333        0.6924728662        0.4954124639
       -0.0004766834       -0.7111857287        0.5098181094
        0.6961392283        0.6857280777        0.4948313727
       -0.6825634696        0.6955588527        0.4881792696
       -0.6736276408       -0.6718609007        0.4841272648
        0.6835408143       -0.7079499682        0.5169660759
        0.0099710845        0.0000143035       -0.4799216766
        0.7154884267        0.0052980891       -0.5059669975
       -0.7055741189        0.0046769977       -0.4960756860
        0.0053076734        0.7128673056       -0.4935809423
        0.0061359900       -0.7100300837       -0.4982188304
        0.6936934372        0.6921940530       -0.4828541946
       -0.6700292767        0.6809116451       -0.4704109999
       -0.6696516760       -0.6712962519       -0.4710662459
        0.6864871985       -0.6826489351       -0.4895723340
        0.3533163830        0.3447705058        0.9930492955
       -0.3598901761        0.3497694426        0.9897957099
       -0.3420930484       -0.3429066307        0.9764585362
        0.3489538472       -0.3612523553        1.0022908788
        0.3417569388        0.3445513229       -0.9510515577
       -0.3317482688        0.3417026657       -0.9472806373
       -0.3332560670       -0.3344872469       -0.9494243251
        0.3401798544       -0.3325271278       -0.9564661996
        1.0645943562        0.3476216835        0.9946336248
        1.0419180501       -0.3374187567        0.9823775376
        0.3491991083        1.0601668669        0.9923516826
       -0.3317331307        1.0295823662        0.9620584969
        1.3839928100        0.0117315083        0.4942836011
        0.0111401286        1.3629951086        0.4890594336
       -0.0025892201        0.0020510542        1.4556558270
        0.6995620149        0.0016708497        1.4603986108
       -0.0012571989        0.6993030596        1.4507972801
        0.6999925293        0.6989223570        1.4536576901
        1.3662956423        0.6900468576        0.4907482877
        1.0226701638        1.0240034189        0.0133294143
        0.6860448919        1.3598086184        0.4891396969
        1.0294726691        1.0276275411        0.9637630963
        1.3419088361       -0.6533379399        0.4818088819
        1.0030850365       -0.9865480784        0.0100915754
        0.3468209550        0.3534881302        1.8800212111
