         1.0000000000       34.4080000000        1.0000000000       10.0000000000        8.0000000000
        0.3551294207        0.3551294207       -0.0054704322
        1.0586799730        0.3555535570       -0.0117159159
        0.3555535570        1.0586799730       -0.0117159159
       -0.3545094238        0.3621374444        0.0035860937
       -1.0280443887        0.3395099846        0.0021324740
       -0.3282501561        1.0587597087       -0.0198312318
       -0.3381798897       -0.3381798897        0.0057972522
       -1.0089914327       -0.3391112348        0.0048246540
       -0.3391112348       -1.0089914327        0.0048246540
        0.3621374444       -0.3545094238        0.0035860937
        1.0587597087       -0.3282501561       -0.0198312318
        0.3395099846       -1.0280443887        0.0021324740
       -0.0015760301       -0.0015760301        0.5004451791
        0.7080628144       -0.0085840538        0.4913886532
       -0.7051265824       -0.0020001664        0.5066906627
       -0.0085840538        0.7080628144        0.4913886532
       -0.0020001664       -0.7051265824        0.5066906627
        0.6917332803        0.6917332803        0.4891774946
       -0.7052063181        0.6818035467        0.5148059786
       -0.6735224495       -0.6735224495        0.4845428340
        0.6818035467       -0.7052063181        0.5148059786
        0.0043905662        0.0043905662       -0.4800706851
        0.7100930312        0.0069666152       -0.5032716593
       -0.7079540432        0.0044339459       -0.4978224502
        0.0069666152        0.7100930312       -0.5032716593
        0.0044339459       -0.7079540432       -0.4978224502
        0.6923742131        0.6923742131       -0.4837849771
       -0.6819955666        0.6855588067       -0.4886688327
       -0.6719142454       -0.6719142454       -0.4734573844
        0.6855588067       -0.6819955666       -0.4886688327
        0.3491628244        0.3491628244        0.9750454320
       -0.3565396406        0.3465867754        0.9982464062
       -0.3388208226       -0.3388208226        0.9787597239
        0.3465867754       -0.3565396406        0.9982464062
        0.3419456362        0.3419456362       -0.9556963219
       -0.3322065547        0.3376736433       -0.9550598517
       -0.3354553526       -0.3354553526       -0.9506572871
        0.3376736433       -0.3322065547       -0.9550598517
        1.0615074338        0.3491194447        0.9927971970
        1.0355489572       -0.3320054161        0.9836435795
        0.3491194447        1.0615074338        0.9927971970
       -0.3320054161        1.0355489572        0.9836435795
        1.3815977793        0.0140434060        0.4928422728
        0.0140434060        1.3815977793        0.4928422728
        0.0116077544        0.0116077544        1.4506710688
        0.6857599453        0.0158797473        1.4500345985
        0.0158797473        0.6857599453        1.4500345985
        0.6890087432        0.6890087432        1.4456320340
        1.3625448233        0.6926646254        0.4901500928
        1.0270758401        1.0270758401        0.0104319128
        0.6926646254        1.3625448233        0.4901500928
        1.0254676360        1.0254676360        0.9684321312
        1.3391178891       -0.6498012154        0.4842236799
        1.0033546060       -0.9855644985        0.0107510669
       -0.6498012154        1.3391178891        0.4842236799
       -0.9855644985        1.0033546060        0.0107510669
