         1.0000000000       34.4080000000        1.0000000000       10.0000000000        8.0000000000
       -0.1225976234        0.0010681334        0.0002914341
       -0.0835275003        0.0007579205        0.6765862975
        0.1647915524       -0.5710922585        0.3457749052
       -0.5184827550       -0.4786811746        0.3457829259
       -0.5172740858        0.4815457010        0.3461535510
        0.1662306977        0.5722363540        0.3462162033
        0.5544558526        0.0000807562        0.3504361225
        0.5542591511        0.0003514461       -0.3502340004
        0.1660365508        0.5725035283       -0.3453540260
       -0.5174681095        0.4818127057       -0.3449776816
       -0.5186767786       -0.4784141699       -0.3453483067
        0.1645974055       -0.5708250842       -0.3457953242
       -0.0839072236        0.0012804750       -0.6760252970
        0.1834587840       -0.5690096247        1.0329359143
       -0.4661347732       -0.4332720830        1.0298390500
       -0.4650412502        0.4354769244        1.0301743669
        0.1848919596        0.5695762781        1.0333753818
        0.5518041226       -0.0001773705        1.0278464869
        0.7864498049       -0.5648687907        0.7041200998
        0.4028601146       -1.1158172135        0.6731381267
       -0.2432937675       -0.9781614372        0.6932362438
       -0.8231247094        0.0016855365        0.6852382175
       -0.2408288857        0.9800632371        0.6939920728
        0.4056695115        1.1161073833        0.6739995974
        0.7878709648        0.5641712817        0.7045558829
        1.1586192150       -0.0008055488        0.6764265749
        0.7694221622       -0.5625656917       -0.0001767343
        0.3949509952       -1.1513780573       -0.0002990836
       -0.2542402889       -1.0023077649       -0.0000592436
       -0.8409826589        0.0019723103        0.0004934581
       -0.2517139112        1.0047722293        0.0007154424
        0.3978505946        1.1522078760        0.0005900467
        0.7708382624        0.5624547404        0.0002574973
        1.1873572456       -0.0005806077       -0.0000769510
        1.1582393852       -0.0002828478       -0.6765642066
        0.7874755224        0.5647154680       -0.7040488041
        0.4052914054        1.1166277123       -0.6728514803
       -0.2412181445        0.9805989138       -0.6925860750
       -0.8235091737        0.0022146152       -0.6842612371
       -0.2436830264       -0.9776257605       -0.6933419040
        0.4024820084       -1.1152968845       -0.6737129510
        0.7860543625       -0.5643246044       -0.7044845871
        0.5512270780        0.0006167266       -1.0276427664
        0.1843119921        0.5703743976       -1.0325254241
       -0.4656193470        0.4362724696       -1.0290631079
       -0.4667128700       -0.4324765378       -1.0293984247
        0.1828788166       -0.5682115053       -1.0329648917
       -0.0515599913        0.0014944782       -1.3359610049
        1.3565681398       -0.5596570720        0.3376345059
        1.3579747289        0.5578072394        0.3380658211
        1.3563783781       -0.5593959323       -0.3383152360
        1.3577849672        0.5580683791       -0.3378839209
        0.9800533777       -1.1087771830        0.3357663662
        0.9828435505        1.1078747503        0.3366219421
        0.9798646052       -1.1085174046       -0.3366599797
        0.9826547779        1.1081345288       -0.3358044039
       -0.0508097411        0.0004620249        1.3365037078
