         1.0000000000       34.4080000000        1.0000000000       10.0000000000        8.0000000000
       -0.1196408420        0.0024983622        0.0002945724
       -0.0814734679        0.0016571006        0.6768958487
        0.1708399373       -0.5691631459        0.3447265357
       -0.5140171256       -0.4756838356        0.3455869890
       -0.5186598674        0.4785414746        0.3461281646
        0.1645217236        0.5737342520        0.3465212218
        0.5568215501        0.0018401056        0.3487649001
        0.5566353099        0.0021008658       -0.3485374487
        0.1643368521        0.5739930958       -0.3456564890
       -0.5188444505        0.4787999146       -0.3449696903
       -0.5142016109       -0.4754255325       -0.3451446709
        0.1706557953       -0.5689053235       -0.3447199646
       -0.0818348960        0.0021631462       -0.6763274353
        0.1847746355       -0.5657750165        1.0330229619
       -0.4655103671       -0.4303752588        1.0305605853
       -0.4677175572        0.4328016558        1.0299013436
        0.1812971699        0.5727684566        1.0339802193
        0.5512396004        0.0044837223        1.0271861756
        0.7873028067       -0.5594956940        0.7036808885
        0.4028326296       -1.1124969662        0.6754389392
       -0.2416373816       -0.9746926744        0.6931937554
       -0.8264879282       -0.0001600291        0.6847856569
       -0.2462398851        0.9792434044        0.6936471495
        0.3990649149        1.1204249135        0.6737368422
        0.7838340154        0.5707893068        0.7045760386
        1.1569314824        0.0095101352        0.6791845732
        0.7830964127       -0.5647643658       -0.0001586679
        0.4008070591       -1.1462002798       -0.0002739948
       -0.2488523574       -0.9998709750       -0.0000457586
       -0.8433193532        0.0000895824        0.0004869566
       -0.2564111462        1.0034996412        0.0007054321
        0.3920574719        1.1551887590        0.0005889597
        0.7683947248        0.5670292271        0.0002684994
        1.1872588298        0.0054626442       -0.0000533747
        1.1565686566        0.0100181377       -0.6792718086
        0.7834577915        0.5713160684       -0.7040441774
        0.3987053291        1.1209283795       -0.6725883819
       -0.2466100425        0.9797616721       -0.6922595673
       -0.8268534649        0.0003517690       -0.6838206322
       -0.2420076877       -0.9741741984       -0.6932700028
        0.4024716881       -1.1119916019       -0.6759625183
        0.7869268347       -0.5589692851       -0.7039962336
        0.5506909668        0.0052518796       -1.0269534788
        0.1807450734        0.5735414624       -1.0331248795
       -0.4682674103        0.4335715205       -1.0288040018
       -0.4660607451       -0.4296046592       -1.0301100021
        0.1842228224       -0.5650024076       -1.0330210097
       -0.0511484024        0.0036220599       -1.3370080126
        1.3716041891       -0.5488506018        0.3493841187
        1.3548934577        0.5652718904        0.3379229434
        1.3714173918       -0.5485890617       -0.3500037702
        1.3547130076        0.5655245436       -0.3377004085
        0.9870539142       -1.1152329393        0.3460417566
        0.9770499591        1.1140578345        0.3365632797
        0.9868688440       -1.1149738174       -0.3468795967
        0.9768703988        1.1143092419       -0.3357284681
       -0.0504340603        0.0026218896        1.3375608462
        1.5389931495       -1.0727453493       -0.0005505204
