         1.0000000000       34.4080000000        1.0000000000       10.0000000000        8.0000000000
       -0.1240281013        0.0010704414       -0.0000122054
       -0.0847399551        0.0007616084        0.6757802270
        0.1650256335       -0.5726500498        0.3444495382
       -0.5178484217       -0.4823031925        0.3459861747
       -0.5166328769        0.4851663178        0.3463576350
        0.1664660499        0.5737980976        0.3448897173
        0.5482943923        0.0000905507        0.3520479387
        0.5468933929        0.0003636807       -0.3547356043
        0.1650973082        0.5740649388       -0.3456203068
       -0.5180022059        0.4854332735       -0.3444486226
       -0.5192177506       -0.4820362367       -0.3448200828
        0.1636568918       -0.5723832085       -0.3460604860
       -0.0874193899        0.0012839741       -0.6759551188
        0.1878915079       -0.5687961418        1.0306898654
       -0.4622853021       -0.4369985696        1.0298446220
       -0.4611844353        0.4391970963        1.0301810376
        0.1893215058        0.5693597814        1.0311268607
        0.5542780290       -0.0001764719        1.0279287055
        0.7897434986       -0.5634391601        0.6984722580
        0.4079309175       -1.1154323005        0.6714708105
       -0.2393437939       -0.9808236141        0.6932429244
       -0.8164777819        0.0016769201        0.6863436344
       -0.2368767670        0.9827185259        0.6939968271
        0.4107341704        1.1157169759        0.6723274610
        0.7911584557        0.5627455768        0.6989046570
        1.1701552780       -0.0008192704        0.6867389107
        0.7685591350       -0.5696086095       -0.0020020419
        0.3973097149       -1.1553089727       -0.0014924830
       -0.2522588420       -1.0054547403       -0.0001469865
       -0.8367239532        0.0019653417        0.0014008593
       -0.2497292116        1.0079144740        0.0006260473
        0.4002138539        1.1561369678       -0.0006050026
        0.7699903377        0.5695061314       -0.0015646785
        1.1536550103       -0.0005338882       -0.0025454724
        1.1674225346       -0.0002865119       -0.6918898676
        0.7883813239        0.5632869890       -0.7021174446
        0.4080662384        1.1162370991       -0.6736049238
       -0.2396257201        0.9832544445       -0.6928095025
       -0.8191933428        0.0022063287       -0.6836168159
       -0.2420927470       -0.9802876956       -0.6935634052
        0.4052629855       -1.1149121773       -0.6744615743
        0.7869663667       -0.5628977479       -0.7025498436
        0.5501975064        0.0006190410       -1.0306347860
        0.1852320450        0.5701570370       -1.0319458916
       -0.4652652340        0.4399926631       -1.0285217968
       -0.4663661008       -0.4362030028       -1.0288582124
        0.1838020470       -0.5679988863       -1.0323828869
       -0.0540441470        0.0014951076       -1.3350682841
        1.3728390141       -0.5592999622        0.3362675074
        1.3742420787        0.5574193109        0.3366962722
        1.3714932384       -0.5590375983       -0.3426564844
        1.3728963030        0.5576816748       -0.3422277197
        0.9839858263       -1.1097328526        0.3335964752
        0.9867732648        1.1088294737        0.3344482929
        0.9826528522       -1.1094729843       -0.3388693140
        0.9854402907        1.1090893419       -0.3380174963
       -0.0487519723        0.0004633786        1.3347558656
        1.7355220030       -0.0011388825       -0.3309030037
        1.7368191769       -0.0013917714        0.3235021474
