         1.0000000000       34.4080000000        1.0000000000       10.0000000000        8.0000000000
       -0.0157817323        0.0117461155        0.0002655726
       -0.0048329424        0.0036595452        0.7020162269
        0.1937236025       -0.5666909138        0.3504751886
       -0.4838073608       -0.3474317842        0.3525661845
       -0.5132044079        0.3732590283        0.3469226822
        0.1813872894        0.5676809848        0.3527329778
        0.5990149215       -0.0091289114        0.3505768128
        0.5988181319       -0.0088581002       -0.3504068252
        0.1811894801        0.5679531992       -0.3518828270
       -0.5133988876        0.3735266607       -0.3458327659
       -0.4840051701       -0.3471595698       -0.3520496203
        0.1935268129       -0.5664201026       -0.3505084494
       -0.0052269556        0.0042017648       -0.7014971573
        0.1902650106       -0.5622457475        1.0448951337
       -0.4828134703       -0.3477435915        1.0502246827
       -0.4785140279        0.3479185530        1.0276295922
        0.1818696150        0.5666654141        1.0503913477
        0.5935990559       -0.0073763797        1.0449962671
        0.7800275517       -0.5668533743        0.6939561733
        0.3624560470       -1.1136101622        0.6799311433
       -0.2944001650       -0.9219075509        0.7170416344
       -0.9402316751       -0.6976023055        0.6805025208
       -0.9471578149       -0.0172653725        0.6918489825
       -0.2757035247        0.9064588253        0.6920173453
        0.3735725653        1.1098070534        0.6808319488
        0.7862117688        0.5646975783        0.7173125909
        1.1712540226       -0.0009413294        0.6801339442
        0.7979168445       -0.5797305662       -0.0001913652
        0.3886311323       -1.1349209561       -0.0002909518
       -0.2901995862       -0.9068659523       -0.0000122768
       -0.9730596805       -0.6985650846        0.0002598979
       -0.9659172437       -0.0143102118        0.0005222411
       -0.2841832752        0.9235558089        0.0006931815
        0.3644764551        1.1414924027        0.0005952765
        0.7733246931        0.5562315754        0.0002543951
        1.1997197215       -0.0191009108       -0.0000875766
        1.1708721092       -0.0004157609       -0.6802787733
        0.7858091642        0.5652516209       -0.7168041679
        0.3731906266        1.1103326567       -0.6796706748
       -0.2760916854        0.9069929910       -0.6906486383
       -0.9475459755       -0.0167312068       -0.6908170011
       -0.9406136138       -0.6970767022       -0.6800001028
       -0.2948027696       -0.9213535082       -0.7170751244
        0.3620741336       -1.1130845937       -0.6804815742
        0.7796378165       -0.5663170418       -0.6943185932
        0.5930123740       -0.0065690199       -1.0448215678
        0.1812800934        0.5674766818       -1.0495419342
       -0.4790907129        0.3487121556       -1.0265784226
       -0.4834029919       -0.3469323238       -1.0497085992
        0.1896783287       -0.5614383877       -1.0449227012
       -0.0049190693        0.0040996708       -1.3692506909
        1.3481543497        0.5475318837        0.3386496625
        1.3479642595        0.5477934756       -0.3384701876
        0.9499248638        1.1029347800        0.3388296106
        0.9497348558        1.1031962587       -0.3379974053
       -0.1046061134       -1.4510404884        0.3382853921
       -0.1047962036       -1.4507788965       -0.3388344580
       -0.7557886360       -1.2436267917        0.3384019139
       -0.7559786440       -1.2433653130       -0.3384251020
       -0.0041501347        0.0030415047        1.3697692042
