         1.0000000000       34.4080000000        1.0000000000       10.0000000000        8.0000000000
        0.3687884716        0.3520157704       -0.0149579520
        1.0711255570        0.3468444870       -0.0169999480
        0.3511785301        1.0567133822       -0.0155919942
       -0.3379117104        0.3500401265       -0.0022743555
       -0.8894982004        0.6854669996        0.1603320284
       -0.8883540439       -0.6873093842        0.1602024811
       -0.3420671693        1.0461844443       -0.0049725504
       -0.3373274764       -0.3509328415       -0.0023405055
       -0.9036503669       -0.0009336818        0.1625710720
       -0.3403225115       -1.0470825973       -0.0051700896
        0.3693750151       -0.3517280746       -0.0150243635
        1.0717025042       -0.3453856719       -0.0170652730
        0.3529397739       -1.0564539295       -0.0157914114
       -0.0004250603       -0.0002121579        0.4940329209
        0.7202246208        0.0003895034        0.4831458015
        0.0054210886        0.6946137320        0.4852227211
        0.0065792997       -0.6950256621        0.4850915825
        0.6957146918        0.6877725838        0.4885417611
       -0.5869186241        0.3461638930        0.6622604572
       -0.5863404009       -0.3475971112        0.6621949878
       -0.5523827065       -1.0234624734        0.6363873716
       -0.5540875958        1.0220897798        0.6365804080
        0.6968605407       -0.6870344844        0.4884120221
        0.0103083167       -0.0001108535       -0.4846644258
        0.7260160686        0.0004877711       -0.5070197398
       -0.6995064750       -0.0007020452       -0.4890265332
        0.0088098007        0.7131073305       -0.5017201915
        0.0099986793       -0.7133273127       -0.5018548025
        0.6998083564        0.6906050423       -0.4874098309
       -0.6701206015        0.6762912645       -0.4792217339
       -0.6689921457       -0.6776472689       -0.4793495035
        0.7009587676       -0.6896759164       -0.4875400864
        0.3554735151        0.3443719363        0.9813652720
       -0.2192009003       -0.6857534177        1.1326672022
       -0.2404677136       -0.0004744383        1.1532984431
        0.3560474921       -0.3442944899        0.9813002834
        0.3470516442        0.3392698965       -0.9513560274
       -0.3329947406        0.3367303731       -0.9493280329
       -0.3324328486       -0.3374361660       -0.9493916532
        0.3476168242       -0.3388417187       -0.9514200200
        1.0635125728        0.3439939854        0.9940260009
        1.0640849381       -0.3427386831        0.9939611947
        0.3421216140        1.0446904930        0.9899776566
       -0.2203432397        0.6848429208        1.1327965438
        1.3890941362        0.0009463769        0.4895409890
        0.0122307154        1.3611086026        0.4896465862
        0.1314505435        0.3361807822        1.6082195552
        0.7032701557        0.0002816191        1.4766235983
        0.6883615943        0.6846119545        1.4479524673
        1.3637881786        0.6810020842        0.4914382389
        1.0251522723        1.0198211837        0.0114767541
        0.6829914679        1.3563883609        0.4932673378
        1.0196572790        1.0195404223        0.9704365322
        0.1320112764       -0.3365950871        1.6081560661
        0.6895023359       -0.6840671934        1.4478233067
        0.3438629873       -1.0446359432        0.9897804893
        0.0144999127       -1.3615090788        0.4893896560
        1.0213557848       -1.0183528206        0.9702442185
        1.0268510876       -1.0184434302        0.0112844054
        0.6852518656       -1.3556714211        0.4930114038
        1.3649218139       -0.6791509145        0.4913098828
