         1.0000000000       34.4080000000        1.0000000000       10.0000000000        8.0000000000
        0.3702547005        0.3489964344       -0.0139302384
        1.0717287260        0.3465387889       -0.0166825773
        0.3516312125        1.0545162616       -0.0147012829
       -0.3367180632        0.3484692756       -0.0019583006
       -0.8886681482        0.6843060657        0.1605735263
       -0.8885108312       -0.6870389149        0.1592888858
       -0.3414315625        1.0449494772       -0.0044245316
       -0.3353388646       -0.3528563821       -0.0015136515
       -0.9028165067       -0.0018379691        0.1625580103
       -0.3399340311       -1.0476411430       -0.0055113887
        0.3729457193       -0.3560023784       -0.0122012665
        1.0717280247       -0.3449825705       -0.0176368661
        0.3525357505       -1.0572726963       -0.0152691149
        0.0016238521       -0.0021296396        0.4938682625
        0.7221037453       -0.0057212387        0.4834742037
        0.0066638711        0.6929557440        0.4855172522
        0.0122184541       -0.6974038764        0.4848645614
        0.6973399435        0.6845352957        0.4888959396
       -0.5857484062        0.3452507163        0.6621335011
       -0.5842435792       -0.3479292213        0.6613420272
       -0.5524836416       -1.0217352917        0.6360589628
       -0.5530947412        1.0209588895        0.6369638535
        0.7093360206       -0.6997505099        0.4883405527
        0.0123070731       -0.0027010750       -0.4835977877
        0.7260616019       -0.0002402199       -0.5074022558
       -0.6983430576       -0.0019414360       -0.4881041633
        0.0094600545        0.7112444641       -0.5004579804
        0.0104924003       -0.7139949401       -0.5022220639
        0.7000821126        0.6894480271       -0.4868518860
       -0.6695525875        0.6751056700       -0.4785599443
       -0.6685621218       -0.6784779536       -0.4792266830
        0.6978109973       -0.6871637045       -0.4939887164
        0.3569276428        0.3416368935        0.9812491693
       -0.2170631383       -0.6865891151        1.1316031960
       -0.2386126339       -0.0011865077        1.1520103452
        0.3601715421       -0.3483315506        0.9788294645
        0.3472435524        0.3391909502       -0.9513308854
       -0.3319254143        0.3352221452       -0.9481713386
       -0.3326907184       -0.3382538147       -0.9494344605
        0.3458934262       -0.3375860424       -0.9553433108
        1.0644332287        0.3433360306        0.9939847444
        1.0638659976       -0.3436543598        0.9945571772
        0.3428916696        1.0426425625        0.9900646729
       -0.2192978568        0.6838793104        1.1329021036
        1.3907565798        0.0080108305        0.4897381402
        0.0128549785        1.3597082916        0.4902068201
        0.1320415299        0.3367961900        1.6080963993
        0.7040610414       -0.0002879200        1.4765761187
        0.6891128990        0.6835642114        1.4481705247
        1.3651453475        0.6849444396        0.4916180583
        1.0253541616        1.0194827932        0.0113357871
        0.6836788436        1.3540932307        0.4936116954
        1.0201762508        1.0189648329        0.9711370893
        0.1313575419       -0.3356944412        1.6068609348
        0.6863730851       -0.6826033003        1.4534052602
        0.3444095931       -1.0456219468        0.9898163107
        0.0079322709       -1.3632264106        0.4902698185
        1.0268886399       -1.0253337801        0.9872629919
        1.0322994434       -1.0238748197       -0.0075804146
        0.6791793761       -1.3741614974        0.4936442292
        1.3834998983       -0.6715446814        0.4909945505
        1.3294382489       -1.3209090871        0.4904920902
