         1.0000000000       34.4080000000        1.0000000000       10.0000000000        8.0000000000
        0.3658530540        0.3559202493       -0.0103827091
        1.0686966858        0.3441913967       -0.0180016515
        0.3514107519        1.0565017083       -0.0120723650
       -0.3367038777        0.3546393204        0.0012533886
       -0.8933699873        0.6849156267        0.1542374671
       -0.8879355331       -0.6857870449        0.1626408927
       -0.3411928910        1.0470769931       -0.0036476020
       -0.3366066484       -0.3461229075        0.0018077093
       -0.9061618013       -0.0010699326        0.1604977588
       -0.3390775841       -1.0431043943       -0.0022837780
        0.3687572763       -0.3476286142       -0.0116440730
        1.0700736084       -0.3453102496       -0.0156014655
        0.3531029711       -1.0527542225       -0.0129473712
        0.0005745526        0.0078862403        0.5000398766
        0.7181520568        0.0040626897        0.4875828724
        0.0012867592        0.7052347520        0.4955104013
        0.0077158854       -0.6900139929        0.4884987570
        0.6983460074        0.6896532643        0.4881127341
       -0.5924479800        0.3438498967        0.6560885492
       -0.5855418780       -0.3467145334        0.6641461405
       -0.5512433699       -1.0220573209        0.6385466079
       -0.5692073869        1.0324703210        0.6356420390
        0.6984128690       -0.6844002442        0.4903404571
        0.0098481594        0.0033016692       -0.4829280543
        0.7229712796        0.0013571476       -0.5062216820
       -0.6983163112        0.0034431145       -0.4877115913
        0.0091424463        0.7154946783       -0.5014008055
        0.0093352844       -0.7094172889       -0.4988541569
        0.6971462341        0.6899867442       -0.4880291263
       -0.6683232597        0.6796707823       -0.4800501097
       -0.6689334976       -0.6730788883       -0.4757490055
        0.6990881065       -0.6876901828       -0.4856295540
        0.3527729237        0.3541890123        0.9923270568
       -0.2165068419       -0.6898607297        1.1353073102
       -0.2380436488       -0.0101103532        1.1570299582
        0.3584040635       -0.3395976258        0.9837705896
        0.3455858145        0.3400823431       -0.9528108858
       -0.3325462295        0.3388761607       -0.9500862101
       -0.3330609188       -0.3349169504       -0.9479504103
        0.3456099919       -0.3374119484       -0.9509750766
        1.0623888786        0.3464144626        0.9928769352
        1.0671901331       -0.3412272371        0.9941223935
        0.3697230506        1.0613904154        0.9832715883
       -0.2492098039        0.6723248964        1.1462422562
        1.3885826393       -0.0005832665        0.4892984530
        0.0129724292        1.3778289671        0.4896401817
        0.1323044699        0.3318374835        1.6272110101
        0.7058125179        0.0013835193        1.4762676211
        0.6990245040        0.6926365400        1.4593571484
        1.3689317314        0.6771044548        0.4852424171
        1.0290104065        1.0165998462        0.0047723651
        0.7014686649        1.3610457284        0.4778298960
        1.0428423406        1.0200998060        0.9603528086
        0.1372681428       -0.3444310771        1.6110179624
        0.6958300811       -0.6827732258        1.4481455602
        0.3481931550       -1.0417550380        0.9915026294
        0.0161778587       -1.3573317757        0.4926382799
        1.0257200074       -1.0176881202        0.9697881897
        1.0269283308       -1.0178765711        0.0120508762
        0.6870903968       -1.3537899801        0.4940072425
        1.3669269565       -0.6799790221        0.4908285560
       -0.2199162370        1.3311825052        1.1145127922
        0.1172647205        0.9944240475        1.5911094054
