         1.0000000000       34.4080000000        1.0000000000       10.0000000000        8.0000000000
       -0.0014300439        0.0013138865        0.0002575132
       -0.0002807029        0.0003503033        0.7032216446
        0.1924363411       -0.5751686620        0.3609440657
       -0.4796328338       -0.3493188213        0.3520907420
       -0.5049245440        0.3672406321        0.3456940142
        0.1844704787        0.5642925678        0.3522572646
        0.6066799292       -0.0052909745        0.3610479365
        0.6064772613       -0.0050120708       -0.3608792804
        0.1842729365        0.5645644177       -0.3514114606
       -0.5051183353        0.3675073200       -0.3446133980
       -0.4798303760       -0.3490469715       -0.3515779831
        0.1922336732       -0.5748897583       -0.3609831511
       -0.0006753919        0.0008934590       -0.7027076874
        0.1866202274       -0.5645894529        1.0505661090
       -0.4808684763       -0.3493921371        1.0503293436
       -0.4756217896        0.3458162696        1.0271950881
        0.1840378744        0.5653239970        1.0504960676
        0.5947027202       -0.0031876256        1.0506684348
        0.7917315332       -0.5753658950        0.7207938182
        0.3690931973       -1.1291486258        0.6845636708
       -0.2949171718       -0.9258168525        0.7183681504
       -0.9394310854       -0.6959369059        0.6809673292
       -0.9440587331       -0.0175728281        0.6905927280
       -0.2744545467        0.9036061501        0.6907606299
        0.3722354151        1.1085315120        0.6812962269
        0.7897705425        0.5663953242        0.7186401336
        1.1880814586       -0.0024609720        0.6847690304
        0.7790837555       -0.5660408256       -0.0001807892
        0.3790245564       -1.1618746744       -0.0002986696
       -0.2904699098       -0.9103795086       -0.0000135606
       -0.9727702777       -0.6959561539        0.0002608214
       -0.9629346310       -0.0144529214        0.0005213468
       -0.2831271582        0.9207627866        0.0006918072
        0.3620841621        1.1404120678        0.0005955335
        0.7765833858        0.5575728797        0.0002540008
        1.2223937837       -0.0016459618       -0.0000871965
        1.1876969421       -0.0019318153       -0.6849244757
        0.7893671948        0.5669503956       -0.7181323916
        0.3718532180        1.1090574767       -0.6801351820
       -0.2748420002        0.9041393486       -0.6893948264
       -0.9444461865       -0.0170396297       -0.6895627283
       -0.9398132825       -0.6954109412       -0.6804640797
       -0.2953205195       -0.9252617810       -0.7184043749
        0.3687086808       -1.1286194692       -0.6851298354
        0.7913267283       -0.5748088183       -0.7211693742
        0.5941128580       -0.0023758801       -1.0504911142
        0.1834482970        0.5661353505       -1.0496489052
       -0.4761982280        0.3466095417       -1.0261471674
       -0.4814580537       -0.3485807836       -1.0498156291
        0.1860303652       -0.5637777074       -1.0505934401
       -0.0037231320        0.0032307095       -1.3712320121
        1.3530820038       -0.5682271212        0.3429479651
        1.3505703317        0.5661274222        0.3423962667
        1.3528892586       -0.5679618728       -0.3436333553
        1.3503781428        0.5663919053       -0.3422037718
        0.9582242993       -1.1114355184        0.3428489553
        0.9470124337        1.1082198755        0.3390989539
        0.9580315541       -1.1111702700       -0.3437323650
        0.9468222773        1.1084815614       -0.3382610222
       -0.1215493744       -1.4590775488        0.3420271356
       -0.1217415634       -1.4588130658       -0.3425729028
       -0.7617145933       -1.2424873767        0.3386704941
       -0.7619047498       -1.2422256907       -0.3386894820
       -0.0029530900        0.0021710076        1.3717491814
