         1.0000000000       34.4080000000        1.0000000000       10.0000000000        8.0000000000
        0.0013965438       -0.0005608287        0.0002563357
        0.0025921825       -0.0015573026        0.7024355661
        0.1990041470       -0.5771151445        0.3583079597
       -0.4770655122       -0.3502855916        0.3520812521
       -0.5028238854        0.3655818189        0.3453703727
        0.1858976273        0.5625337372        0.3522477854
        0.6107375755       -0.0102084653        0.3584113853
        0.6105371154       -0.0099321290       -0.3582468751
        0.1857008053        0.5628050583       -0.3514039224
       -0.5030167948        0.3658477463       -0.3442931067
       -0.4772623342       -0.3500142705       -0.3515704557
        0.1988036868       -0.5768388081       -0.3583503007
        0.0021993619       -0.0010157954       -0.7019240134
        0.1867815652       -0.5650707425        1.0505201920
       -0.4801842185       -0.3494301409        1.0501616308
       -0.4740732287        0.3445765592        1.0262036846
        0.1839982766        0.5650680916        1.0503284704
        0.5953828843       -0.0024765957        1.0506228307
        0.7912714641       -0.5743637367        0.7234051785
        0.3627031949       -1.1309617388        0.6890331040
       -0.2948301592       -0.9253000847        0.7172414435
       -0.9389268716       -0.6958778155        0.6803997243
       -0.9430947034       -0.0184066401        0.6896086846
       -0.2739242172        0.9029594474        0.6897767771
        0.3716082562        1.1085691052        0.6807289247
        0.7890178343        0.5670263192        0.7175137011
        1.1880000575        0.0053713139        0.6892404148
        0.7951170350       -0.5770246898       -0.0001879587
        0.3805962134       -1.1628314838       -0.0002978922
       -0.2878555534       -0.9108704166       -0.0000137625
       -0.9710740616       -0.6962271895        0.0002601084
       -0.9613807090       -0.0155442559        0.0005198616
       -0.2821832988        0.9196276821        0.0006904728
        0.3621139863        1.1394100375        0.0005949990
        0.7775779147        0.5561014333        0.0002538695
        1.2239612790       -0.0016207208       -0.0000860428
        1.1876144346        0.0059028989       -0.6893866777
        0.7886165781        0.5675794549       -0.7170036115
        0.3712277607        1.1090936221       -0.6795677132
       -0.2743097178        0.9034908638       -0.6884129933
       -0.9434802040       -0.0178752238       -0.6885810858
       -0.9393073671       -0.6953532986       -0.6798969136
       -0.2952314154       -0.9247469490       -0.7172758691
        0.3623175720       -1.1304301539       -0.6895939885
        0.7908666655       -0.5738057178       -0.7237765641
        0.5947951842       -0.0016664454       -1.0504434539
        0.1834109280        0.5658777575       -1.0494812736
       -0.4746470257        0.3453675441       -1.0251583924
       -0.4807715671       -0.3486204751       -1.0496481132
        0.1861938652       -0.5642605921       -1.0505460927
       -0.0029815085        0.0028690458       -1.3710519937
        1.3661264841       -0.5618004839        0.3595299943
        1.3519243571        0.5674838197        0.3416136826
        1.3659251610       -0.5615229580       -0.3602134477
        1.3517333027        0.5677471901       -0.3414183176
        0.9572148723       -1.1248218659        0.3594272776
        0.9469721769        1.1083991039        0.3386397956
        0.9570135492       -1.1245443399       -0.3603161644
        0.9467829663        1.1086599327       -0.3378007464
       -0.1210688756       -1.4606480836        0.3412436736
       -0.1212599300       -1.4603847132       -0.3417883267
       -0.7607211232       -1.2428861472        0.3382108309
       -0.7609103338       -1.2426253184       -0.3382297110
       -0.0022143559        0.0018115183        1.3715691370
        1.4991751186       -1.0883684762       -0.0005820635
