         1.0000000000       34.4080000000        1.0000000000       10.0000000000        8.0000000000
       -0.0135230537        0.0000708162        0.0002407961
       -0.0073114153       -0.0010098352        0.7018021162
        0.1849332590       -0.5733558916        0.3597721297
       -0.4966331061       -0.3488354043        0.3526146730
       -0.5012688863        0.3741824254        0.3518036714
        0.1832516410        0.5637550710        0.3519379059
        0.6004246211       -0.0053371090        0.3595820025
        0.6002427540       -0.0050596278       -0.3594150220
        0.1830738055        0.5640264010       -0.3511206275
       -0.5014466034        0.3744535746       -0.3507864231
       -0.4968113752       -0.3485634128       -0.3521578351
        0.1847512380       -0.5730781756       -0.3598333845
       -0.0076663299       -0.0004683294       -0.7013242018
        0.1828607577       -0.5649943093        1.0498735095
       -0.4832415570       -0.3503166549        1.0494896124
       -0.4738956671        0.3504406794        1.0320803119
        0.1840902567        0.5640504652        1.0496304830
        0.5903930952       -0.0037817449        1.0487462314
        0.7879698118       -0.5747977889        0.7184829965
        0.3691133757       -1.1261978718        0.6848057213
       -0.2976949758       -0.9255120544        0.7152369764
       -0.9510149273       -0.7067122237        0.6894129085
       -0.9557697866       -0.0104895731        0.7043424734
       -0.2713623478        0.9089531998        0.6929103884
        0.3746809071        1.1081805756        0.6808820888
        0.7895261788        0.5655820920        0.7174612424
        1.1837042020       -0.0030668750        0.6836174372
        0.7752690422       -0.5662320423       -0.0001772775
        0.3801504020       -1.1581474259       -0.0003057708
       -0.2931492930       -0.9133095853       -0.0000409729
       -0.9735553134       -0.7301095394        0.0002018348
       -0.9712587836        0.0230738566        0.0004919286
       -0.2818290111        0.9237157368        0.0006651234
        0.3638120839        1.1400024780        0.0005852825
        0.7760620727        0.5575253135        0.0002562114
        1.2179723141       -0.0019728442       -0.0000714939
        1.1833583341       -0.0025391720       -0.6837436423
        0.7891633511        0.5661356712       -0.7169491069
        0.3743367435        1.1087056784       -0.6797412945
       -0.2717125527        0.9094875199       -0.6915965364
       -0.9561258668       -0.0099462888       -0.7033920584
       -0.9513635913       -0.7061802546       -0.6890022889
       -0.2980568302       -0.9249599601       -0.7153257365
        0.3687667916       -1.1256690760       -0.6853867272
        0.7876062447       -0.5742430816       -0.7188502823
        0.5898625877       -0.0029723306       -1.0485726821
        0.1835594648        0.5648603135       -1.0488131037
       -0.4744175381        0.3512369166       -1.0310949469
       -0.4837723708       -0.3495067732       -1.0490403958
        0.1823296226       -0.5641839373       -1.0499269681
       -0.0063426479        0.0021166284       -1.3710563986
        1.3510985895       -0.5681859648        0.3422776980
        1.3509217275        0.5651195327        0.3419488004
        1.3509252706       -0.5679215259       -0.3429249223
        1.3507487962        0.5653833802       -0.3417211868
        0.9591485062       -1.1114411756        0.3426164764
        0.9493275871        1.1078402827        0.3387858406
        0.9589749600       -1.1111763898       -0.3434847314
        0.9491564133        1.1081014487       -0.3379361631
       -0.1138332428       -1.4620534634        0.3426718724
       -0.1140067482       -1.4617887399       -0.3432679378
       -0.7508368107       -1.2644120540        0.3435237283
       -0.7510106269       -1.2641468563       -0.3436449883
       -0.0056489215        0.0010581852        1.3715353533
       -1.3946511350       -0.3498331473       -0.3388357049
       -1.3944794909       -0.3500950310        0.3397457774
