         1.0000000000       34.4080000000        1.0000000000       10.0000000000        8.0000000000
        0.0100422761        0.0005242428        0.0001859057
        0.0032506414        0.0002840934        0.7089314961
        0.1813334835       -0.5746777053        0.3535807815
       -0.4774531028       -0.3573948398        0.3524590450
       -0.4769010369        0.3589502809        0.3527070597
        0.1822196729        0.5752166457        0.3539789006
        0.6059171656       -0.0000609722        0.3640904974
        0.6057739733        0.0001912032       -0.3639533704
        0.1820805692        0.5754616205       -0.3532765881
       -0.4770396188        0.3591943368       -0.3518952927
       -0.4775916847       -0.3571507839       -0.3521433073
        0.1811943798       -0.5744327305       -0.3536747072
        0.0029718484        0.0007750744       -0.7085569546
        0.1793140445       -0.5697252090        1.0489297318
       -0.4762196714       -0.3551741492        1.0479970872
       -0.4756714009        0.3562460712        1.0482433967
        0.1801922319        0.5697857788        1.0493242559
        0.5952834118       -0.0002916309        1.0539761822
        0.7842412315       -0.5716914489        0.7207145861
        0.3631599866       -1.1152169351        0.6829795938
       -0.2966925232       -0.9149794036        0.6951210176
       -0.9469507353       -0.6845853431        0.6806790536
       -0.9458939751        0.6866366984        0.6811538012
       -0.9627719071        0.0010255170        0.7177736700
       -0.2952814276        0.9160181610        0.6957549498
        0.3648789389        1.1152467571        0.6837518301
        0.7851219061        0.5710468883        0.7211102276
        1.1865735333       -0.0006196317        0.6851698848
        0.7701452564       -0.5608938831       -0.0001580527
        0.3523339045       -1.1466435582       -0.0002787655
       -0.3031317510       -0.9337408760       -0.0000761039
       -0.9582428317       -0.7150870097        0.0001284799
       -0.9571386815        0.7176269696        0.0006245174
       -0.9467593019        0.0012615562        0.0003743458
       -0.3016913590        0.9352709168        0.0005709896
        0.3541016733        1.1471631403        0.0005154015
        0.7710096897        0.5607702286        0.0002302925
        1.2193331421       -0.0004076393       -0.0000522616
        1.1863039955       -0.0001449501       -0.6852614510
        0.7848383397        0.5715462756       -0.7206478460
        0.3646101745        1.1157200766       -0.6827471596
       -0.2955548896        0.9164997536       -0.6946286087
       -0.9630541034        0.0015224915       -0.7170186156
       -0.9472184346       -0.6841138990       -0.6804051897
       -0.9461616745        0.6871081424       -0.6799304421
       -0.2969659851       -0.9144978111       -0.6952625409
        0.3628912223       -1.1147436155       -0.6835193959
        0.7839576652       -0.5711920616       -0.7210434875
        0.5948688455        0.0004384598       -1.0538348132
        0.1797796052        0.5705124535       -1.0486246876
       -0.4760835807        0.3569719590       -1.0474337660
       -0.4766318512       -0.3544482614       -1.0476800756
        0.1789014179       -0.5689985343       -1.0490192117
        0.0001451619        0.0010077581       -1.3743296325
        1.3428755486       -0.5698180569        0.3422511038
        1.3437528740        0.5685745185        0.3426452407
        1.3427408123       -0.5695807736       -0.3427985730
        1.3436181378        0.5688118018       -0.3424044361
        0.9359551830       -1.1121768827        0.3388160181
        0.9376689528        1.1115621511        0.3395859262
        0.9358217556       -1.1119419043       -0.3395791392
        0.9375355253        1.1117971295       -0.3388092312
        0.0006858448        0.0000555643        1.3747052358
       -1.4088940225       -0.3403563088       -0.3381655816
       -1.4087608646       -0.3405908125        0.3388592969
       -1.4083667437        0.3438256600       -0.3379287025
       -1.4082335858        0.3435911563        0.3390961759
