         1.0000000000       34.4080000000        1.0000000000       10.0000000000        8.0000000000
        0.3670311763        0.3553613774       -0.0164934805
        1.0687345273        0.3465194908       -0.0153669857
        0.3458401688        1.0582355106       -0.0137868376
       -0.3450687643        0.3508847734       -0.0064075039
       -0.9110791687        0.6901901490        0.1643501602
       -0.9101197484       -0.6916044281        0.1643249607
       -0.3493857290        1.0423018675        0.0020082104
       -0.3445810731       -0.3515071571       -0.0064203133
       -0.9368310079       -0.0007250123        0.1456635316
       -0.3479378918       -1.0429298858        0.0019701825
        0.3675243971       -0.3549945259       -0.0165064351
        1.0692147932       -0.3451782631       -0.0153796000
        0.3473094616       -1.0578975067       -0.0138254291
        0.0206132336       -0.0000662951        0.4781893709
        0.7213087858        0.0004200648        0.4866067011
        0.0033081398        0.7008669623        0.4890157042
        0.0042815131       -0.7010233019        0.4889901382
        0.6921950168        0.6878051100        0.4905678015
       -0.5713788088        0.3458306478        0.6501203268
       -0.5708979012       -0.3467912494        0.6501076956
       -0.5700457026       -1.0323155681        0.6472550404
       -0.5714785697        1.0313555925        0.6472926751
        0.6931495875       -0.6870048907        0.4905427294
        0.0074870931       -0.0000578772       -0.4831482865
        0.7242426101        0.0004401904       -0.5052653939
       -0.7016250471       -0.0005499591       -0.4982489962
        0.0041519751        0.7149728530       -0.4996980995
        0.0051449108       -0.7150919453       -0.4997241793
        0.6974358257        0.6927399374       -0.4871654878
       -0.6745328908        0.6774346440       -0.4791373995
       -0.6735914279       -0.6784969834       -0.4791621273
        0.6983972194       -0.6918967743       -0.4871907391
        0.3536138568        0.3499049831        0.9864755073
       -0.2259514447       -0.7129363363        1.1551646341
       -0.2259457253       -0.0002495695        1.1406606330
        0.3540995389       -0.3495933507        0.9864627507
        0.3453009216        0.3400569122       -0.9482965605
       -0.3332155236        0.3385349102       -0.9495364363
       -0.3327450174       -0.3391064464       -0.9495487943
        0.3457728871       -0.3396862651       -0.9483089568
        1.0590600291        0.3436795052        0.9990376584
        1.0595363863       -0.3423887138        0.9990251467
        0.3457604133        1.0516617454        0.9912270820
       -0.2269411222        0.7124359727        1.1551906283
        1.3879992208        0.0008828419        0.4934851662
        0.0080427681        1.3631555411        0.4915464165
        0.1176673603        0.3409186175        1.6259304249
        0.6905872162        0.0003806386        1.4788460448
        0.6842900033        0.6856414253        1.4518670739
        1.3600828034        0.6792974866        0.4941307308
        1.0210727567        1.0189426342        0.0127116078
        0.6807906148        1.3572134842        0.4924712519
        1.0187524151        1.0186185468        0.9724017881
        0.1181408071       -0.3409579659        1.6259179896
        0.6852416013       -0.6848872476        1.4518420799
        0.3472206030       -1.0513605150        0.9911887297
        0.0099358290       -1.3633047592        0.4914966947
        1.0201660697       -1.0173821062        0.9723646580
        1.0224868348       -1.0176679677        0.0126744666
        0.6826747756       -1.3564285254        0.4924217638
        1.3610249160       -0.6775699380        0.4941059859
       -0.5642118825        0.3385606311        1.6053777466
       -0.5637410532       -0.3395461290        1.6053653801
       -0.9386814865       -0.0007446720        1.1532355518
       -0.8998612019       -0.6772150846        1.1273723776
       -0.9008006258        0.6757799393        1.1273970519
       -1.2385237086        0.3365006633        0.6471245333
       -1.2380551140       -0.3383876005        0.6471122255
