         1.0000000000       34.4080000000        1.0000000000       10.0000000000        8.0000000000
        0.0046406849        0.0152718877       -0.0021219084
        0.0026862775        0.0017358585        0.7110220494
        0.1800614140       -0.5682405744        0.3507581913
       -0.4777096806       -0.3532165896        0.3524208669
       -0.4798044309        0.3606214756        0.3591769973
        0.1834813750        0.5780386270        0.3609032539
        0.6034432970        0.0023546126        0.3634548530
        0.5999504833        0.0075505638       -0.3628217371
        0.1741740747        0.5975913268       -0.3560609223
       -0.4843651973        0.3819347473       -0.3548906248
       -0.4785500288       -0.3471061984       -0.3521269392
        0.1786487711       -0.5646739920       -0.3533383828
       -0.0014192835        0.0134296314       -0.7071784727
        0.1802220362       -0.5720523046        1.0467411054
       -0.4749547443       -0.3591605579        1.0491250527
       -0.4769001290        0.3476984375        1.0581519215
        0.1858903795        0.5634845080        1.0595651477
        0.5965185728       -0.0048977336        1.0549530616
        0.7842122511       -0.5724423506        0.7168999383
        0.3621588106       -1.1135993303        0.6770275664
       -0.2960769423       -0.9149094392        0.6908657513
       -0.9447971368       -0.6867279356        0.6804668195
       -0.9473493231        0.6821639040        0.6917601442
       -0.9630756013       -0.0016610152        0.7219957800
       -0.2927225725        0.9082671505        0.7249113561
        0.3691451536        1.1120148773        0.6953683001
        0.7868477205        0.5683192535        0.7253396133
        1.1856786473       -0.0037339098        0.6851301050
        0.7697277650       -0.5580668702       -0.0023599898
        0.3514668348       -1.1412305294       -0.0032110237
       -0.3035851425       -0.9290565537       -0.0018883325
       -0.9563125765       -0.7122357189        0.0005861235
       -0.9727048246        0.7239606718        0.0071075198
       -0.9467771812        0.0075607009        0.0012087522
       -0.3060606045        0.9487016946        0.0350061100
        0.3627325717        1.1609151563        0.0080753716
        0.7669552563        0.5652166735        0.0010150959
        1.2154051552       -0.0003893756        0.0005002387
        1.1842325340        0.0011749153       -0.6823933128
        0.7871838835        0.5738101145       -0.7155991753
        0.3813135487        1.1286243498       -0.6961719334
       -0.2964289370        0.9175024746       -0.7531053124
       -0.9670368917        0.0019922984       -0.7123956761
       -0.9469434974       -0.6825420992       -0.6775301646
       -0.9681139133        0.6876824931       -0.6933736331
       -0.2984855499       -0.9104310691       -0.6919872080
        0.3609952751       -1.1085471580       -0.6822509895
        0.7837017523       -0.5675684971       -0.7184139321
        0.5956335348        0.0008112039       -1.0525401960
        0.1944650960        0.5642344031       -1.0583666929
       -0.4848929665        0.3425234720       -1.0573844757
       -0.4779843977       -0.3539240436       -1.0468075193
        0.1775607358       -0.5632478602       -1.0456052324
        0.0009109457       -0.0008861438       -1.3762275343
        1.3438701941       -0.5710184252        0.3398614962
        1.3429188746        0.5664266418        0.3440555501
        1.3444020340       -0.5691623832       -0.3427038292
        1.3450965091        0.5692576000       -0.3378422309
        0.9366609463       -1.1118408674        0.3346909312
        0.9432787795        1.1098556811        0.3486610720
        0.9366518564       -1.1102632000       -0.3414491607
        0.9473888878        1.1141024298       -0.3317380898
        0.0030277541       -0.0074634917        1.3784307166
       -1.4106774242       -0.3405021364       -0.3341568018
       -1.4072885609       -0.3408779877        0.3406578838
       -1.4185442387        0.3394851547       -0.3310535918
       -1.4121409196        0.3393915738        0.3478354867
       -0.7459465999        1.2248282251       -0.3780141889
       -0.1140505801        1.4309707003       -0.3788653268
