         1.0000000000       34.4080000000        1.0000000000       10.0000000000        8.0000000000
        0.0154339857        0.0000654153        0.0022298451
        0.0060467082       -0.0002192866        0.7251363703
        0.1901887967       -0.5704496731        0.3629636520
       -0.4814624003       -0.3450203423        0.3526755277
       -0.4813528982        0.3450312733        0.3529487123
        0.1903698091        0.5702392117        0.3634152395
        0.6080347259       -0.0001719490        0.3642656004
        0.6099586445        0.0001162170       -0.3643995771
        0.1909366978        0.5730342747       -0.3625646700
       -0.4831017978        0.3464265959       -0.3515716961
       -0.4832116541       -0.3458572841       -0.3518457644
        0.1907548895       -0.5726700985       -0.3630182431
        0.0054683585        0.0003486879       -0.7093089586
        0.1878605344       -0.5662687599        1.0421623138
       -0.4839714906       -0.3447397276        1.0371400652
       -0.4838621634        0.3442095097        1.0374128134
        0.1880401346        0.5655212630        1.0426103783
        0.6009840642       -0.0004396303        1.0432422268
        0.7906655683       -0.5728736354        0.7226308995
        0.3655661731       -1.1264499284        0.6854057286
       -0.2984660995       -0.9208369728        0.7202578240
       -0.9435166419       -0.6872439539        0.6810411038
       -0.9595078983       -0.0000538115        0.6941827258
       -0.9432985449        0.6871414109        0.6815852094
       -0.2981739037        0.9204985718        0.7209867906
        0.3659235960        1.1259283014        0.6862974229
        0.7908472746        0.5721878202        0.7230842180
        1.1896183129       -0.0003920190        0.6870326991
        0.7757861360       -0.5615503174       -0.0001071539
        0.3746783600       -1.1579730097       -0.0000431107
       -0.2929902411       -0.9046275091        0.0003095665
       -0.9759394149       -0.6870965918        0.0003020900
       -0.9777222310        0.0002238382        0.0001534615
       -0.9757212775        0.6875433347        0.0008462964
       -0.2927030996        0.9048574168        0.0010259237
        0.3750458731        1.1579912040        0.0008737566
        0.7759643401        0.5614414783        0.0003374274
        1.2213509872       -0.0001249623       -0.0002596356
        1.1896698035        0.0001522045       -0.6876712895
        0.7896243375        0.5725497657       -0.7220033251
        0.3655132539        1.1278252666       -0.6846384075
       -0.2986078522        0.9212172559       -0.7182983514
       -0.9435985774        0.6876210386       -0.6801918769
       -0.9583617940        0.0004953507       -0.6934346811
       -0.9438166554       -0.6866452582       -0.6807359354
       -0.2989000953       -0.9204159216       -0.7190274358
        0.3651554013       -1.1272612830       -0.6855311740
        0.7894426981       -0.5720910011       -0.7224564771
        0.5984030042        0.0003913209       -1.0546671895
        0.1862262079        0.5656896724       -1.0531625735
       -0.4828937344        0.3455672163       -1.0475683668
       -0.4830032306       -0.3444468945       -1.0478415365
        0.1860468177       -0.5647772023       -1.0536101142
        0.0014555439        0.0006132859       -1.3760627492
        1.3505869354       -0.5665715684        0.3423352086
        1.3507666611        0.5660091618        0.3427835861
        1.3499091761       -0.5659879544       -0.3441043054
        1.3500888028        0.5659692722       -0.3436561747
        0.9543092259       -1.1082375842        0.3420407463
        0.9546608821        1.1078009818        0.3429180541
        0.9535665625       -1.1078473370       -0.3435516034
        0.9539181811        1.1079538088       -0.3426743896
       -0.1269682549       -1.4539586673        0.3420915797
       -0.1265068214        1.4538650679        0.3432427584
       -0.1271325313       -1.4537080836       -0.3422234919
       -0.1266710913        1.4541563635       -0.3410722971
       -0.7659977077        1.2340145364        0.3395914597
       -0.7663893338       -1.2339023672        0.3386144357
       -0.7667508046       -1.2332539513       -0.3387438870
       -0.7663592992        1.2339025544       -0.3377671641
