         1.0000000000       34.4080000000        1.0000000000       10.0000000000        8.0000000000
        0.0160163465        0.0000730643        0.0002521096
        0.0059727523       -0.0001995120        0.7100060545
        0.1910828519       -0.5732541849        0.3630720044
       -0.4832511805       -0.3461539141        0.3523320383
       -0.4831408885        0.3461869761        0.3525994880
        0.1912654637        0.5730640232        0.3635148244
        0.6106726042       -0.0001624417        0.3646746152
        0.6104679889        0.0001192709       -0.3645041457
        0.1910616896        0.5733445776       -0.3626660520
       -0.4833384798        0.3464590179       -0.3515475336
       -0.4834487717       -0.3458818723       -0.3518149833
        0.1908790777       -0.5729736305       -0.3631088720
        0.0055744248        0.0003489018       -0.7094960856
        0.1867495515       -0.5656082359        1.0536096951
       -0.4824176887       -0.3452084971        1.0483231577
       -0.4823077837        0.3447035746        1.0485896691
        0.1869296425        0.5648859515        1.0540464023
        0.5991684396       -0.0004272193        1.0548426463
        0.7900184875       -0.5726836282        0.7221254083
        0.3655982972       -1.1279201002        0.6851525261
       -0.2985478939       -0.9209418763        0.7191204299
       -0.9435365057       -0.6871720475        0.6813183876
       -0.9580790617       -0.0000399045        0.6943931206
       -0.9433175806        0.6870974667        0.6818492646
       -0.2982545258        0.9206325111        0.7198318257
        0.3659575803        1.1274253054        0.6860237607
        0.7902008430        0.5720252395        0.7225676066
        1.1904373928       -0.0003794864        0.6874478230
        0.7758182612       -0.5615385298       -0.0001780733
        0.3747619518       -1.1588316414       -0.0002962922
       -0.2930744608       -0.9047726709       -0.0000107364
       -0.9767418719       -0.6872515888        0.0002651456
       -0.9781588410        0.0002313315        0.0005311469
       -0.9765228359        0.6877137658        0.0007962914
       -0.2927861561        0.9050171647        0.0006883811
        0.3751311673        1.1588634906        0.0005990279
        0.7759971554        0.5614427173        0.0002557316
        1.2220959347       -0.0001189369       -0.0000864035
        1.1900515389        0.0001517538       -0.6876027503
        0.7897954662        0.5725833586       -0.7220556084
        0.3655728999        1.1279549298       -0.6848445358
       -0.2986581202        0.9211881762       -0.7184396009
       -0.9436998074        0.6876237131       -0.6802754830
       -0.9584684751        0.0004962363       -0.6933419891
       -0.9439187325       -0.6866458011       -0.6808063600
       -0.2989514883       -0.9203862112       -0.7191509967
        0.3652136169       -1.1273904758       -0.6857157703
        0.7896131108       -0.5721255091       -0.7224978067
        0.5985764889        0.0003877730       -1.0546656102
        0.1863383262        0.5657000704       -1.0532012007
       -0.4828959799        0.3455133977       -1.0475390112
       -0.4830058849       -0.3443986739       -1.0478055225
        0.1861582352       -0.5647941170       -1.0536379079
        0.0015536080        0.0006070545       -1.3761121143
        1.3501479373       -0.5662913211        0.3432086023
        1.3503282743        0.5657472235        0.3436459060
        1.3499551299       -0.5660258656       -0.3438905908
        1.3501354669        0.5660126790       -0.3434532871
        0.9537876389       -1.1080829023        0.3426298234
        0.9541406140        1.1076653453        0.3434857616
        0.9535951013       -1.1078178182       -0.3435080002
        0.9539480764        1.1079304293       -0.3426520620
       -0.1271465557       -1.4540699082        0.3420432309
       -0.1266832922        1.4539970754        0.3431666102
       -0.1273386689       -1.4538054085       -0.3425821035
       -0.1268754054        1.4542615752       -0.3414587242
       -0.7663635786        1.2335992764        0.3397557648
       -0.7667565892       -1.2334657452        0.3388027435
       -0.7669467353       -1.2332039539       -0.3388121973
       -0.7665537247        1.2338610677       -0.3378591760
        0.0023260554       -0.0004564440        1.3766242352
