         1.0000000000       34.4080000000        1.0000000000       10.0000000000        8.0000000000
        0.0165354129       -0.0005426170       -0.0000000105
        0.0067789975       -0.0008410851        0.7086251406
        0.1962910329       -0.5739822294        0.3602444999
       -0.4823483053       -0.3460866409        0.3520036029
       -0.4831641090        0.3461358032        0.3519052084
        0.1907244834        0.5723287919        0.3627204069
        0.6128372052       -0.0040996758        0.3617042760
        0.6128372008       -0.0040996777       -0.3617043041
        0.1907244790        0.5723287901       -0.3627204328
       -0.4831641133        0.3461358014       -0.3519052250
       -0.4823483096       -0.3460866427       -0.3520036160
        0.1962910285       -0.5739822312       -0.3602445201
        0.0067789889       -0.0008410887       -0.7086251614
        0.0009022350        0.0007039799        1.3759801403
        0.1849647653       -0.5646863383        1.0534814474
       -0.4836183667       -0.3439155897        1.0478467908
       -0.4828035236        0.3451560668        1.0471294568
        0.1848433744        0.5658830438        1.0532363718
        0.5977796881        0.0018033871        1.0545917045
        0.7878531725       -0.5703530890        0.7250941737
        0.3574000784       -1.1285371343        0.6897497571
       -0.3000176859       -0.9191589072        0.7178434239
       -0.9447312427       -0.6858514560        0.6804763525
       -0.9588841889        0.0003138467        0.6930309342
       -0.9441739818        0.6872170191        0.6805700062
       -0.2995375069        0.9213947878        0.7183561430
        0.3636239474        1.1283252613        0.6848509696
        0.7877537874        0.5738788635        0.7209334652
        1.1883308634        0.0093928409        0.6921733530
        0.7906050781       -0.5716548052       -0.0000000137
        0.3749911567       -1.1589946821       -0.0000000097
       -0.2917844214       -0.9043445013       -0.0000000063
       -0.9766160680       -0.6865009563       -0.0000000027
       -0.9781133426        0.0001366758       -0.0000000044
       -0.9769770474        0.6874986075       -0.0000000062
       -0.2935808872        0.9053014229       -0.0000000109
        0.3731476564        1.1587488086       -0.0000000156
        0.7753917722        0.5609379921       -0.0000000165
        1.2222258914        0.0010826139       -0.0000000178
        1.1883308550        0.0093928373       -0.6921733882
        0.7877537786        0.5738788598       -0.7209334985
        0.3636239391        1.1283252578       -0.6848510005
       -0.2995375156        0.9213947842       -0.7183561648
       -0.9441739900        0.6872170157       -0.6805700189
       -0.9588841973        0.0003138432       -0.6930309433
       -0.9447312510       -0.6858514594       -0.6804763583
       -0.3000176946       -0.9191589108       -0.7178434364
        0.3574000700       -1.1285371378       -0.6897497764
        0.7878531637       -0.5703530927       -0.7250942011
        0.5977796753        0.0018033818       -1.0545917325
        0.1848433616        0.5658830385       -1.0532363976
       -0.4828035363        0.3451560615       -1.0471294734
       -0.4836183795       -0.3439155950       -1.0478468039
        0.1849647525       -0.5646863437       -1.0534814675
        0.0009022183        0.0007039729       -1.3759801611
        1.3615690190       -0.5583435046        0.3604903571
        1.3502053475        0.5686059231        0.3425318568
        1.3615690146       -0.5583435064       -0.3604903915
        1.3502053434        0.5686059214       -0.3425318969
        0.9513924078       -1.1201715600        0.3595729790
        0.9523694401        1.1091990760        0.3423226672
        0.9513924034       -1.1201715618       -0.3595730056
        0.9523694359        1.1091990743       -0.3423227051
       -0.1282841452       -1.4546711748        0.3414678133
       -0.1286431818        1.4552466738        0.3419456750
       -0.1282841493       -1.4546711766       -0.3414678251
       -0.1286431860        1.4552466720       -0.3419457016
       -0.7678528781        1.2340777694        0.3385655807
       -0.7673226293       -1.2327081642        0.3383104884
       -0.7673226334       -1.2327081659       -0.3383104936
       -0.7678528822        1.2340777677       -0.3385655983
        1.4938189355       -1.0848551363       -0.0000000167
