         1.0000000000       34.4080000000        1.0000000000       10.0000000000        8.0000000000
        0.0008621637        0.0000954421       -0.0019754927
        0.0037359416        0.0000968385        0.7113899182
        0.1876933681       -0.5718180071        0.3626449364
       -0.4861107503       -0.3480209742        0.3575120634
       -0.4860350274        0.3483194833        0.3575103953
        0.1878177483        0.5719699911        0.3626421964
        0.6042596882        0.0000306962        0.3611870404
        0.6009554220        0.0000293199       -0.3632752360
        0.1823984208        0.5703995466       -0.3620281881
       -0.5048666560        0.3464570177       -0.3553077293
       -0.5049419737       -0.3461578283       -0.3553060701
        0.1822743820       -0.5702498561       -0.3620254555
       -0.0064403371        0.0000945437       -0.7084370412
        0.0083264641        0.0000979398        1.3794836940
        0.1900796136       -0.5650923453        1.0544588269
       -0.4763691693       -0.3481341184        1.0567926764
       -0.4762934217        0.3484338592        1.0567910077
        0.1902025313        0.5652471250        1.0544561190
        0.6005823457        0.0000327519        1.0524028656
        0.7898571771       -0.5718279398        0.7186162543
        0.3675109730       -1.1261292400        0.6855158942
       -0.2965514979       -0.9215106165        0.7225898396
       -0.9404439213       -0.6895268664        0.6906384577
       -0.9513752803        0.0002007221        0.7201524103
       -0.9402939141        0.6899257755        0.6906351530
       -0.2963510521        0.9217696342        0.7225854238
        0.3677559052        1.1262436496        0.6855104984
        0.7899815454        0.5718506658        0.7186135145
        1.1875211386       -0.0000319593        0.6829280177
        0.7726314516       -0.5619578822       -0.0018374708
        0.3734937250       -1.1553695355        0.0006189315
       -0.2983226219       -0.9029529626        0.0006306229
       -0.9876137967       -0.6994119582        0.0056978167
       -0.9916755472        0.0002034509        0.0298672185
       -0.9874616388        0.6998178443        0.0056944647
       -0.2981262126        0.9032089069        0.0006262961
        0.3737450161        1.1554793618        0.0006133956
        0.7727536732        0.5619809030       -0.0018401633
        1.2166212074       -0.0000367652       -0.0022419141
        1.1837644846       -0.0000348308       -0.6862543714
        0.7865983718        0.5726619235       -0.7191357746
        0.3643168444        1.1262546889       -0.6827314250
       -0.2998084457        0.9240077950       -0.7148899320
       -0.9512878176        0.7061502889       -0.6940919484
       -0.9603383718        0.0001981795       -0.7480847994
       -0.9514413540       -0.7057556229       -0.6940885660
       -0.3000093789       -0.9237549124       -0.7148855055
        0.3640719093       -1.1261460869       -0.6827260291
        0.7864738265       -0.5726453502       -0.7191330309
        0.5939310998        0.0000284359       -1.0511469614
        0.1866877576        0.5662171563       -1.0524155228
       -0.4726665336        0.3564297356       -1.0573587988
       -0.4727440214       -0.3561409128       -1.0573570918
        0.1865646280       -0.5660717066       -1.0524128102
        0.0040969435        0.0000917938       -1.3780223383
        1.3496626144       -0.5663594595        0.3396883866
        1.3497857799        0.5662586191        0.3396856733
        1.3487658837       -0.5667199550       -0.3442948439
        1.3488891273        0.5666160326       -0.3442975589
        0.9547084955       -1.1083890194        0.3411651763
        0.9549495553        1.1083740711        0.3411598658
        0.9538672326       -1.1093291491       -0.3425911956
        0.9541084966        1.1093111077       -0.3425965106
       -0.1257432186       -1.4528624623        0.3435686994
       -0.1254272143        1.4530825028        0.3435617379
       -0.1267985263       -1.4555781480       -0.3383946329
       -0.1264819318        1.4557951505       -0.3384016074
       -0.7639499132        1.2383915200        0.3467522339
       -0.7642192096       -1.2380325982        0.3467581665
       -0.7658268007       -1.2433414388       -0.3327368243
       -0.7655563500        1.2436974545       -0.3327427823
       -1.3970809342        0.3321513704       -0.3784433636
       -1.3971531195       -0.3316582462       -0.3784417734
