         1.0000000000       34.4080000000        1.0000000000       10.0000000000        8.0000000000
       -0.0000026925       -0.0000001910        0.0017066401
       -0.0000026861       -0.0000001896        0.7251426890
        0.1852548279       -0.5701641245        0.3619930301
       -0.4850130932       -0.3523809044        0.3619930356
       -0.4850131209        0.3523804857        0.3619930342
        0.1852547830        0.5701637585        0.3619930278
        0.5995031569       -0.0000001667        0.3619930253
        0.6019689794       -0.0000001680       -0.3623075988
        0.1860167595        0.5725088997       -0.3623075963
       -0.4870080248        0.3538298620       -0.3623075899
       -0.4870079970       -0.3538302838       -0.3623075885
        0.1860168046       -0.5725092686       -0.3623075940
       -0.0000026988       -0.0000001924       -0.7102823412
        0.1840462246       -0.5664444067        1.0418759836
       -0.4818489074       -0.3500819917        1.0418759891
       -0.4818489349        0.3500815759        1.0418759876
        0.1840461800        0.5664440433        1.0418759813
        0.5955920215       -0.0000001655        1.0418759788
        0.7869648436       -0.5717655207        0.7210284279
        0.3655630501       -1.1250956878        0.6857718322
       -0.3005974894       -0.9251359909        0.7210284382
       -0.9570660663       -0.6953474947        0.6857718430
       -0.9727480211       -0.0000002279        0.7210284423
       -0.9570661210        0.6953470400        0.6857718402
       -0.3005975622        0.9251355881        0.7210284345
        0.3655629615        1.1250953373        0.6857718276
        0.7869647986        0.5717652036        0.7210284256
        1.1829927437       -0.0000001431        0.6857718227
        0.7730084012       -0.5616255787        0.0000928713
        0.3756513154       -1.1561441920        0.0000780744
       -0.2952666124       -0.9087292181        0.0000928815
       -0.9834775059       -0.7145365274        0.0000780855
       -0.9554969243       -0.0000002286        0.0000928855
       -0.9834775622        0.7145360679        0.0000780827
       -0.2952666839        0.9087288128        0.0000928778
        0.3756512244        1.1561438395        0.0000780698
        0.7730083570        0.5616252575        0.0000928691
        1.2156390659       -0.0000001432        0.0000780646
        1.1840386550       -0.0000001458       -0.6857095491
        0.7867295486        0.5715942908       -0.7202646858
        0.3658861574        1.1260900669       -0.6857095441
       -0.3005077223        0.9248590473       -0.7202646769
       -0.9579123030        0.6959618156       -0.6857095315
       -0.9724572647       -0.0000002307       -0.7202646691
       -0.9579122482       -0.6959622758       -0.6857095287
       -0.3005076495       -0.9248594559       -0.7202646732
        0.3658862461       -1.1260904228       -0.6857095396
        0.7867295936       -0.5715946138       -0.7202646835
        0.5947670623       -0.0000001697       -1.0532752337
        0.1837912408        0.5656594739       -1.0532752312
       -0.4811815624        0.3495966838       -1.0532752248
       -0.4811815349       -0.3495971079       -1.0532752234
        0.1837912853       -0.5656598457       -1.0532752289
       -0.0000027047       -0.0000001938       -1.3776650029
        1.3486793808       -0.5657883437        0.3424760387
        1.3486793363        0.5657880692        0.3424760364
        1.3485132490       -0.5655323066       -0.3429031822
        1.3485132045        0.5655320293       -0.3429031844
        0.9548595876       -1.1078348319        0.3424760433
        0.9548595004        1.1078345264        0.3424760388
        0.9545647388       -1.1077559585       -0.3429031776
        0.9545646516        1.1077556503       -0.3429031820
       -0.1213335198       -1.4575112163        0.3424760535
       -0.1213336346        1.4575108261        0.3424760476
       -0.1211413545       -1.4572741024       -0.3429031674
       -0.1211414692        1.4572737095       -0.3429031732
       -0.7585474718        1.2504674719        0.3424760537
       -0.7585473734       -1.2504679123        0.3424760587
       -0.7585634766       -1.2501631279       -0.3429031621
       -0.7585635750        1.2501626848       -0.3429031672
       -1.4236713368       -0.3350033900        0.3424760628
       -1.4236713632        0.3350028972        0.3424760614
       -1.4233864486       -0.3351128846       -0.3429031581
       -1.4233864750        0.3351123891       -0.3429031594
