         1.0000000000       34.4080000000        1.0000000000       10.0000000000        8.0000000000
       -0.0000026925       -0.0000001910       -0.0000000104
       -0.0000026862       -0.0000001896        0.7103699133
        0.1860928761       -0.5727433716        0.3622323845
       -0.4872071317       -0.3539749669        0.3622323900
       -0.4872071596        0.3539745479        0.3622323886
        0.1860928311        0.5727430057        0.3622323822
        0.6022151378       -0.0000001666        0.3622323796
        0.6022151314       -0.0000001680       -0.3622324110
        0.1860928246        0.5727430042       -0.3622324085
       -0.4872071660        0.3539745465       -0.3622324021
       -0.4872071381       -0.3539749683       -0.3622324007
        0.1860928697       -0.5727433730       -0.3622324062
       -0.0000026988       -0.0000001924       -0.7103699340
       -0.0000026803       -0.0000001882        1.3776434940
        0.1837998202       -0.5656860517        1.0532000795
       -0.4812038120       -0.3496133025        1.0532000850
       -0.4812038395        0.3496128868        1.0532000836
        0.1837997756        0.5656856884        1.0532000773
        0.5947946400       -0.0000001655        1.0532000748
        0.7867755730       -0.5716280076        0.7202528373
        0.3659209702       -1.1261972527        0.6857291915
       -0.3005251945       -0.9249134900        0.7202528477
       -0.9580031133       -0.6960282992        0.6857292024
       -0.9725140697       -0.0000002278        0.7202528517
       -0.9580031681        0.6960278445        0.6857291996
       -0.3005252673        0.9249130872        0.7202528439
        0.3659208816        1.1261969022        0.6857291870
        0.7867755280        0.5716276904        0.7202528350
        1.1841509976       -0.0000001430        0.6857291820
        0.7731095719       -0.5616990835       -0.0000000161
        0.3758826023       -1.1568560197       -0.0000000114
       -0.2953052561       -0.9088481514       -0.0000000059
       -0.9840830227       -0.7149764611       -0.0000000002
       -0.9556219782       -0.0000002286       -0.0000000019
       -0.9840830790        0.7149760016       -0.0000000031
       -0.2953053277        0.9088477461       -0.0000000096
        0.3758825112        1.1568556673       -0.0000000160
        0.7731095277        0.5616987623       -0.0000000183
        1.2163875258       -0.0000001431       -0.0000000211
        1.1841509854       -0.0000001458       -0.6857292237
        0.7867755152        0.5716276875       -0.7202528720
        0.3659208694        1.1261968994       -0.6857292187
       -0.3005252800        0.9249130843       -0.7202528631
       -0.9580031802        0.6960278418       -0.6857292062
       -0.9725140825       -0.0000002307       -0.7202528553
       -0.9580031254       -0.6960283020       -0.6857292034
       -0.3005252072       -0.9249134928       -0.7202528594
        0.3659209581       -1.1261972554       -0.6857292142
        0.7867755602       -0.5716280105       -0.7202528697
        0.5947946213       -0.0000001697       -1.0532001060
        0.1837997570        0.5656856842       -1.0532001035
       -0.4812038582        0.3496128826       -1.0532000972
       -0.4812038307       -0.3496133067       -1.0532000958
        0.1837998015       -0.5656860559       -1.0532001012
       -0.0000027047       -0.0000001938       -1.3776435147
        1.3485841905       -0.5656188648        0.3429168183
        1.3485841459        0.5656185903        0.3429168161
        1.3485841844       -0.5656188662       -0.3429168607
        1.3485841399        0.5656185889       -0.3429168629
        0.9546689881       -1.1077966723        0.3429168229
        0.9546689009        1.1077963669        0.3429168184
        0.9546689821       -1.1077966737       -0.3429168561
        0.9546688948        1.1077963655       -0.3429168605
       -0.1212017512       -1.4573683130        0.3429168331
       -0.1212018660        1.4573679228        0.3429168273
       -0.1212017573       -1.4573683144       -0.3429168459
       -0.1212018720        1.4573679214       -0.3429168517
       -0.7585700784        1.2502744091        0.3429168333
       -0.7585699800       -1.2502748495        0.3429168383
       -0.7585699860       -1.2502748508       -0.3429168406
       -0.7585700845        1.2502744077       -0.3429168457
       -1.4234947089       -0.3350845498        0.3429168424
       -1.4234947353        0.3350840571        0.3429168410
       -1.4234947150       -0.3350845512       -0.3429168366
       -1.4234947414        0.3350840557       -0.3429168379
