         1.0000000000       34.4080000000        1.0000000000       10.0000000000        8.0000000000
        0.0041065010        0.0003768067        0.0043427852
       -0.0006116156        0.0043108209        0.7136499769
        0.1922082632       -0.5703192163        0.3686046344
       -0.4850352276       -0.3512383301        0.3648850588
       -0.4865862202        0.3562618709        0.3607300008
        0.1862547640        0.5750062025        0.3642130866
        0.6052526274       -0.0004014626        0.3681911703
        0.6103473419       -0.0046155247       -0.3509177359
        0.1913829493        0.5707644552       -0.3596201641
       -0.4814580070        0.3520201005       -0.3631071780
       -0.4799070423       -0.3554800774       -0.3589481920
        0.1973029777       -0.5745332784       -0.3505042718
        0.0094388784       -0.0040023841       -0.7049574459
       -0.0072864806        0.0096329730        1.3816005763
        0.1787720246       -0.5578864555        1.0620072157
       -0.4857694646       -0.3420050850        1.0558370701
       -0.4857994366        0.3561925364        1.0511444488
        0.1777280120        0.5734873517        1.0551728984
        0.5897333896        0.0091571802        1.0615958367
        0.7835274994       -0.5639730990        0.7357730650
        0.3576904915       -1.1216166717        0.7034015293
       -0.3027701245       -0.9187731234        0.7266792543
       -0.9595071109       -0.6910066151        0.6867934266
       -0.9747594741        0.0043620238        0.7168720167
       -0.9604797441        0.6999439835        0.6787462178
       -0.3038689784        0.9300553328        0.7162004445
        0.3616841287        1.1319703062        0.6854708928
        0.7825782880        0.5787883563        0.7255928030
        1.1809029875        0.0142502162        0.7025774803
        0.7910716899       -0.5699648730        0.0132605140
        0.3804419098       -1.1555680411        0.0137830032
       -0.2900625283       -0.9077580701        0.0075804444
       -0.9798602478       -0.7139781176        0.0015578195
       -0.9525018452       -0.0001621005       -0.0024313980
       -0.9815073871        0.7146862684       -0.0068259901
       -0.2931376506        0.9096272424       -0.0030914322
        0.3767070304        1.1578105882        0.0001998737
        0.7755699626        0.5625994220        0.0065137290
        1.2197739335        0.0025405376        0.0129428183
        1.1906788286        0.0061641887       -0.6772632221
        0.7927670736        0.5703607641       -0.7125342066
        0.3713926327        1.1239399761       -0.6848653175
       -0.2936750450        0.9216234828       -0.7226531554
       -0.9507696700        0.6919123547       -0.6918116036
       -0.9645655407       -0.0040698262       -0.7219815832
       -0.9497986068       -0.6990369452       -0.6835427837
       -0.2925813389       -0.9272007155       -0.7114477553
        0.3674663326       -1.1297026992       -0.6764391731
        0.7937655458       -0.5724414368       -0.7093070001
        0.6046548373       -0.0031850045       -1.0445370802
        0.1926466694        0.5611474749       -1.0505661755
       -0.4708892928        0.3438597017       -1.0533929478
       -0.4708508072       -0.3543449617       -1.0499020038
        0.1936934723       -0.5702286402       -1.0441257012
        0.0122288656       -0.0065090270       -1.3729520679
        1.3614169796       -0.5548082615        0.3761710447
        1.3490498112        0.5716696905        0.3525521338
        1.3665028211       -0.5590149844       -0.3416854521
        1.3538957830        0.5676613745       -0.3314472248
        0.9544424902       -1.1163508146        0.3765784327
        0.9533605920        1.1125343348        0.3468130710
        0.9595283317       -1.1205575375       -0.3412780641
        0.9582098767        1.1085232784       -0.3376539091
       -0.1199436992       -1.4552444965        0.3540226201
       -0.1229282556        1.4610964010        0.3374537279
       -0.1150977275       -1.4592528125       -0.3299767385
       -0.1180745997        1.4570817289       -0.3476302404
       -0.7597455781        1.2527721085        0.3342052763
       -0.7571063038       -1.2475643265        0.3485252760
       -0.7522570191       -1.2515753829       -0.3359417041
       -0.7548913209        1.2487569391       -0.3509635689
       -1.4233632007       -0.3332410285        0.3387554843
       -1.4236038202        0.3367818884        0.3348698091
       -1.4185095447       -0.3372557005       -0.3463284840
       -1.4187495629        0.3327667190       -0.3502990361
        1.4998670105       -1.0836540672        0.0212924378
