         1.0000000000       34.4080000000        1.0000000000       10.0000000000        8.0000000000
       -0.0014532013       -0.0001400916       -0.0000000094
       -0.0042504008       -0.0001324674        0.7124422215
        0.1857139121       -0.5735319598        0.3620046156
       -0.4880057084       -0.3538919714        0.3624041863
       -0.4860703166        0.3562585431        0.3624041853
        0.1888364683        0.5722230847        0.3620046140
        0.5939266901       -0.0017626955        0.3711138478
        0.5939266849       -0.0017626965       -0.3711138747
        0.1888364633        0.5722230837       -0.3620046369
       -0.4860703216        0.3562585421       -0.3624041983
       -0.4880057134       -0.3538919724       -0.3624041973
        0.1857139071       -0.5735319608       -0.3620046353
       -0.0042504106       -0.0001324693       -0.7124422402
       -0.0026014623       -0.0001369604        1.3792180993
        0.1847089357       -0.5654841711        1.0524603000
       -0.4828829733       -0.3500944457        1.0544953947
       -0.4809683565        0.3524331537        1.0544953938
        0.1877876415        0.5641808952        1.0524602984
        0.5919983842       -0.0017574393        1.0579867443
        0.7887205736       -0.5735983951        0.7175881435
        0.3689448143       -1.1258920262        0.6848075595
       -0.3000719795       -0.9242560810        0.7208062418
       -0.9585466971       -0.6950387971        0.6859636250
       -0.9708367474        0.0025017957        0.7207350458
       -0.9547448566        0.6999650383        0.6859636231
       -0.2950305460        0.9255898273        0.7208062393
        0.3750753490        1.1235762263        0.6848075564
        0.7918345344        0.5690027648        0.7175881420
        1.1901024599       -0.0033874685        0.7019976249
        0.7736293093       -0.5678854563       -0.0000000140
        0.3793629546       -1.1584441394       -0.0000000104
       -0.2950569612       -0.9083453038       -0.0000000061
       -0.9845464491       -0.7139246656       -0.0000000016
       -0.9538534344        0.0024555096       -0.0000000028
       -0.9806412829        0.7189923389       -0.0000000035
       -0.2901023258        0.9096519496       -0.0000000086
        0.3856707634        1.1560710689       -0.0000000136
        0.7767123553        0.5633721655       -0.0000000155
        1.1737342348       -0.0033428607       -0.0000000175
        1.1901024502       -0.0033874704       -0.7019976601
        0.7918345245        0.5690027629       -0.7175881732
        0.3750753395        1.1235762244       -0.6848075834
       -0.2950305560        0.9255898254       -0.7208062564
       -0.9547448661        0.6999650364       -0.6859636305
       -0.9708367574        0.0025017937       -0.7207350511
       -0.9585467066       -0.6950387989       -0.6859636286
       -0.3000719894       -0.9242560829       -0.7208062539
        0.3689448049       -1.1258920280       -0.6848075803
        0.7887205636       -0.5735983971       -0.7175881716
        0.5919983696       -0.0017574421       -1.0579867712
        0.1877876269        0.5641808924       -1.0524603213
       -0.4809683711        0.3524331509       -1.0544954068
       -0.4828829879       -0.3500944486       -1.0544954059
        0.1847089212       -0.5654841740       -1.0524603197
       -0.0026014814       -0.0001369641       -1.3792181180
        1.3669471141       -0.5628083197        0.3437944338
        1.3699936730        0.5550611602        0.3437944323
        1.3669471093       -0.5628083206       -0.3437944699
        1.3699936683        0.5550611593       -0.3437944714
        0.9595460344       -1.1079488518        0.3427897454
        0.9655699946        1.1024141795        0.3427897424
        0.9595460296       -1.1079488527       -0.3427897745
        0.9655699898        1.1024141786       -0.3427897775
       -0.1197782025       -1.4557581270        0.3430602842
       -0.1118424360        1.4561012656        0.3430602803
       -0.1197782073       -1.4557581279       -0.3430602974
       -0.1118424407        1.4561012646       -0.3430603013
       -0.7511912702        1.2527090057        0.3431335726
       -0.7580089271       -1.2488840461        0.3431335760
       -0.7580089319       -1.2488840471       -0.3431335809
       -0.7511912749        1.2527090048       -0.3431335843
       -1.4219166082       -0.3316258336        0.3430202669
       -1.4200887075        0.3390831218        0.3430202660
       -1.4219166129       -0.3316258345       -0.3430202651
       -1.4200887123        0.3390831209       -0.3430202660
        1.7457761612       -0.0049018611        0.3288470728
        1.7457761567       -0.0049018619       -0.3288471157
