         1.0000000000       34.4080000000        1.0000000000       10.0000000000        8.0000000000
        0.0013939486        0.0010130670       -0.0000000091
       -0.0010998038        0.0011609601        0.7113569040
        0.1880804706       -0.5718273999        0.3617186272
       -0.4859437734       -0.3529147265        0.3620949454
       -0.4848126386        0.3561379793        0.3620742391
        0.1906248602        0.5736226950        0.3609962461
        0.5992668748        0.0008466885        0.3683117585
        0.5992668702        0.0008466877       -0.3683117843
        0.1906248556        0.5736226942       -0.3609962681
       -0.4848126432        0.3561379784       -0.3620742519
       -0.4859437780       -0.3529147273       -0.3620949566
        0.1880804660       -0.5718274008       -0.3617186465
       -0.0010998128        0.0011609585       -0.7113569222
       -0.0013647926        0.0007430854        1.3787148583
        0.1852703923       -0.5646325102        1.0525841695
       -0.4810904004       -0.3490726014        1.0536144170
       -0.4803984334        0.3520407424        1.0537520339
        0.1862252975        0.5658877178        1.0528208423
        0.5931452127       -0.0003774740        1.0570566461
        0.7887051776       -0.5727086448        0.7182772660
        0.3685417432       -1.1252657542        0.6852044210
       -0.2987693205       -0.9235615795        0.7200592729
       -0.9568553020       -0.6945918394        0.6855868575
       -0.9703594740        0.0021808095        0.7200652832
       -0.9550696278        0.6988046918        0.6855659723
       -0.2963337058        0.9259619408        0.7198182436
        0.3710237702        1.1263256342        0.6857867834
        0.7885844590        0.5715653462        0.7197319783
        1.1899990459       -0.0047794445        0.7023628636
        0.7766359657       -0.5637130162       -0.0000000134
        0.3789102010       -1.1562729357       -0.0000000102
       -0.2934752390       -0.9076234499       -0.0000000062
       -0.9827720654       -0.7134310084       -0.0000000020
       -0.9533322600        0.0022435081       -0.0000000030
       -0.9809043010        0.7177433372       -0.0000000037
       -0.2910211926        0.9102884502       -0.0000000083
        0.3817964310        1.1576255523       -0.0000000129
        0.7814872554        0.5656680940       -0.0000000147
        1.1880462987        0.0025764098       -0.0000000167
        1.1899990369       -0.0047794462       -0.7023628970
        0.7885844498        0.5715653445       -0.7197320078
        0.3710237615        1.1263256326       -0.6857868090
       -0.2963337149        0.9259619391       -0.7198182601
       -0.9550696366        0.6988046902       -0.6855659800
       -0.9703594831        0.0021808079       -0.7200652891
       -0.9568553108       -0.6945918410       -0.6855868619
       -0.2987693296       -0.9235615812       -0.7200592851
        0.3685417345       -1.1252657558       -0.6852044413
        0.7887051684       -0.5727086465       -0.7182772929
        0.5931451993       -0.0003774765       -1.0570566719
        0.1862252841        0.5658877153       -1.0528208642
       -0.4803984468        0.3520407399       -1.0537520468
       -0.4810904139       -0.3490726038       -1.0536144283
        0.1852703788       -0.5646325127       -1.0525841888
       -0.0013648102        0.0007430821       -1.3787148765
        1.3653584606       -0.5651344366        0.3441406164
        1.3730519839        0.5632601855        0.3569597025
        1.3653584562       -0.5651344374       -0.3441406506
        1.3730519794        0.5632601847       -0.3569597396
        0.9580841321       -1.1074553608        0.3425734039
        0.9590785471        1.1076234307        0.3438021975
        0.9580841277       -1.1074553616       -0.3425734318
        0.9590785427        1.1076234299       -0.3438022305
       -0.1191519916       -1.4559023577        0.3428177132
       -0.1156535891        1.4582141354        0.3428513711
       -0.1191519960       -1.4559023585       -0.3428177265
       -0.1156535934        1.4582141346       -0.3428513912
       -0.7536867181        1.2524605832        0.3428570146
       -0.7568290703       -1.2487256904        0.3428692949
       -0.7568290746       -1.2487256912       -0.3428693006
       -0.7536867225        1.2524605824       -0.3428570262
       -1.4214884693       -0.3324666875        0.3428068051
       -1.4207030320        0.3379769810        0.3428134880
       -1.4214884737       -0.3324666883       -0.3428068044
       -1.4207030364        0.3379769802       -0.3428134889
        1.7614241172       -0.0169153997        0.3404646355
        1.7614241129       -0.0169154005       -0.3404646761
        1.9201741702        0.5114808133       -0.0000000219
