         1.0000000000       34.4080000000        1.0000000000       10.0000000000        8.0000000000
        0.0000000000        0.0000000000        0.0000000000
       -0.3538161884       -0.3538161913        0.5003716502
        0.3538161884       -0.3538161913        0.5003716502
        0.3538161884        0.3538161855        0.5003716543
       -0.3538161884        0.3538161855        0.5003716542
       -0.3538161884       -0.3538161855       -0.5003716543
        0.3538161884       -0.3538161855       -0.5003716542
        0.3538161884        0.3538161913       -0.5003716502
       -0.3538161884        0.3538161913       -0.5003716502
        0.0000000000       -0.0000000056        0.9733976577
        0.0000000000        0.7076323768        0.0000000041
        0.6882960846        0.6882960846        0.0000000040
        0.6882960846       -0.6882960846       -0.0000000039
       -0.6882960846       -0.6882960846       -0.0000000040
       -0.6882960846        0.6882960846        0.0000000039
        0.6891728462        0.6891728406        0.9746375899
        0.6891728461       -0.6891728518        0.9746375820
       -0.6891728462        0.6891728406        0.9746375898
       -0.6891728463       -0.6891728518        0.9746375819
        0.6891728463        0.6891728518       -0.9746375819
        0.6891728462       -0.6891728406       -0.9746375898
       -0.6891728462       -0.6891728406       -0.9746375899
       -0.6891728461        0.6891728518       -0.9746375820
        0.0000000000        0.0000000056       -0.9733976577
        0.0000000000        0.7123410187        0.9923233978
        0.7123410243       -0.0000000057        0.9923233938
       -0.0000000001       -0.7123410300        0.9923233897
       -0.7123410244       -0.0000000057        0.9923233937
        0.0000000001        0.7123410300       -0.9923233897
        0.7123410244        0.0000000057       -0.9923233937
        0.0000000000       -0.7123410187       -0.9923233978
       -0.7123410243        0.0000000057       -0.9923233938
       -1.0578491131       -0.3455080915        0.5037011668
        0.0000000000       -1.3783456924       -0.0000000079
        1.3783456924        0.0000000000        0.0000000001
        0.0000000000        1.3783456924        0.0000000079
       -1.3783456924        0.0000000000       -0.0000000001
        0.3455080886       -1.0578491159        0.5037011628
        1.0578491130        0.3455080858        0.5037011709
       -0.3455080887        1.0578491102        0.5037011749
       -1.0578491130       -0.3455080858       -0.5037011708
        0.3455080887       -1.0578491102       -0.5037011749
        1.0578491131        0.3455080915       -0.5037011668
       -0.3455080886        1.0578491159       -0.5037011628
       -0.3455080888       -1.0578491159        0.5037011628
        1.0578491130       -0.3455080916        0.5037011669
        0.3455080887        1.0578491101        0.5037011749
       -1.0578491130        0.3455080858        0.5037011708
       -0.3455080887       -1.0578491101       -0.5037011749
        1.0578491130       -0.3455080858       -0.5037011707
        0.3455080888        1.0578491159       -0.5037011628
       -1.0578491130        0.3455080916       -0.5037011669
        0.7076323768        0.0000000000        0.0000000000
        0.0000000000       -0.7076323768       -0.0000000040
       -0.7076323768        0.0000000000        0.0000000000
        1.3577447352       -0.6805095088       -0.0000000038
        1.3577447353        0.6805095087        0.0000000040
       -1.3577447353       -0.6805095087       -0.0000000040
       -1.3577447352        0.6805095088        0.0000000038
        0.6805095088        1.3577447352        0.0000000078
        0.6805095087       -1.3577447353       -0.0000000077
       -0.6805095087        1.3577447353        0.0000000077
       -0.6805095088       -1.3577447352       -0.0000000078
        1.0191271220        1.0191271247       -0.4788776152
        1.0191271220        1.0191271192        0.4788776270
        1.0191271220       -1.0191271193       -0.4788776269
        1.0191271219       -1.0191271248        0.4788776154
       -1.0191271219        1.0191271248       -0.4788776153
       -1.0191271220        1.0191271193        0.4788776269
       -1.0191271220       -1.0191271192       -0.4788776270
       -1.0191271220       -1.0191271247        0.4788776152
        0.3386176132        0.3386176050        1.4412633996
        0.3386176132       -0.3386176215        1.4412633958
       -0.3386176133        0.3386176050        1.4412633996
       -0.3386176133       -0.3386176215        1.4412633957
        0.3386176133        0.3386176215       -1.4412633957
        0.3386176133       -0.3386176050       -1.4412633996
       -0.3386176132        0.3386176215       -1.4412633958
       -0.3386176132       -0.3386176050       -1.4412633996
