         1.0000000000       34.4080000000        1.0000000000       10.0000000000        8.0000000000
        0.0000000000       -0.0000000008        0.0020072295
       -0.3518499459       -0.3518499487        0.5053917405
        0.3518499458       -0.3518499488        0.5053917405
        0.3518499458        0.3518499429        0.5053917435
       -0.3518499459        0.3518499430        0.5053917435
       -0.3536541675       -0.3536541661       -0.4987445625
        0.3536541675       -0.3536541661       -0.4987445625
        0.3536541675        0.3536541688       -0.4987445595
       -0.3536541674        0.3536541689       -0.4987445595
        0.0000000000       -0.0000000050        0.9904943573
        0.0000000000        0.7066702009        0.0026598604
        0.6876924527        0.6876924519        0.0028522860
        0.6876924526       -0.6876924534        0.0028522802
       -0.6876924527       -0.6876924534        0.0028522801
       -0.6876924526        0.6876924519        0.0028522860
        0.6933943560        0.6933943511        0.9706972890
        0.6933943559       -0.6933943609        0.9706972830
       -0.6933943560        0.6933943511        0.9706972889
       -0.6933943560       -0.6933943608        0.9706972830
        0.6888116532        0.6888116565       -0.9737535696
        0.6888116532       -0.6888116498       -0.9737535755
       -0.6888116531       -0.6888116497       -0.9737535755
       -0.6888116531        0.6888116566       -0.9737535696
        0.0000000000        0.0000000034       -0.9723985569
        0.0000000000        0.7126449262        0.9919691779
        0.7126449312       -0.0000000050        0.9919691749
       -0.0000000001       -0.7126449362        0.9919691719
       -0.7126449313       -0.0000000050        0.9919691749
        0.0000000001        0.7118724601       -0.9915011580
        0.7118724566        0.0000000035       -0.9915011610
        0.0000000000       -0.7118724531       -0.9915011641
       -0.7118724566        0.0000000035       -0.9915011610
       -1.0581337093       -0.3458300626        0.5041355811
        0.0000000000       -1.3780248581        0.0007236633
        1.3780248574       -0.0000000008        0.0007236692
        0.0000000000        1.3780248566        0.0007236750
       -1.3780248574       -0.0000000007        0.0007236691
        0.3458300596       -1.0581337122        0.5041355781
        1.0581337092        0.3458300568        0.5041355841
       -0.3458300597        1.0581337064        0.5041355871
       -1.0567920889       -0.3451855731       -0.5023050978
        0.3451855746       -1.0567920875       -0.5023051008
        1.0567920890        0.3451855759       -0.5023050948
       -0.3451855745        1.0567920903       -0.5023050918
       -0.3458300597       -1.0581337121        0.5041355781
        1.0581337092       -0.3458300626        0.5041355812
        0.3458300597        1.0581337063        0.5041355871
       -1.0581337093        0.3458300568        0.5041355840
       -0.3451855746       -1.0567920875       -0.5023051008
        1.0567920889       -0.3451855732       -0.5023050977
        0.3451855746        1.0567920903       -0.5023050918
       -1.0567920889        0.3451855760       -0.5023050949
        0.7066702016       -0.0000000008        0.0026598574
        0.0000000000       -0.7066702024        0.0026598544
       -0.7066702016       -0.0000000007        0.0026598574
        1.3581330737       -0.6802712926        0.0000723789
        1.3581330738        0.6802712910        0.0000723847
       -1.3581330738       -0.6802712925        0.0000723788
       -1.3581330737        0.6802712911        0.0000723846
        0.6802712918        1.3581330730        0.0000723875
        0.6802712917       -1.3581330745        0.0000723760
       -0.6802712918        1.3581330730        0.0000723875
       -0.6802712918       -1.3581330745        0.0000723759
        1.0184799762        1.0184799774       -0.4773739060
        1.0216903180        1.0216903152        0.4768134347
        1.0184799761       -1.0184799749       -0.4773739147
        1.0216903179       -1.0216903208        0.4768134259
       -1.0184799761        1.0184799775       -0.4773739060
       -1.0216903180        1.0216903153        0.4768134346
       -1.0184799762       -1.0184799748       -0.4773739147
       -1.0216903181       -1.0216903207        0.4768134259
        0.3512664862        0.3512664793        1.4488984545
        0.3512664861       -0.3512664932        1.4488984515
       -0.3512664863        0.3512664793        1.4488984544
       -0.3512664863       -0.3512664931        1.4488984514
        0.3384934027       -0.3384933973       -1.4407808382
        0.3384934027        0.3384934080       -1.4407808353
       -0.3384934026       -0.3384933972       -1.4407808382
       -0.3384934026        0.3384934081       -1.4407808353
       -0.0000000001       -0.0000000087        1.8710945453
