         1.0000000000       34.4080000000        1.0000000000       10.0000000000        8.0000000000
        0.0500083754       -0.0000000035        0.0809154562
       -0.4981953853       -0.3218672331        0.2554527851
       -0.4981953911        0.3218672178        0.2554527822
       -0.1666214552       -0.5229945200       -0.2695998464
       -0.5749021363       -0.0000000109       -0.3027753472
       -0.1666214646        0.5229945059       -0.2695998511
        0.4512843939        0.3218672237       -0.3313565425
        0.4512843997       -0.3218672272       -0.3313565396
       -0.0137050163       -0.0000000074       -0.6496133823
